0 0
0 1
0 2
1 3
1 4
1 5
1 6
1 7
1 8
1 9
1 10
2 11
2 12
2 13
2 14
2 15
2 16
2 17
2 18
3 0
3 1
3 2
3 19
3 20
3 21
4 22
4 23
4 24
4 25
4 26
4 27
5 2
5 28
5 29
5 30
5 31
6 32
7 27
7 33
7 34
7 35
7 36
7 37
7 38
7 39
7 40
8 27
8 41
8 42
8 43
8 44
9 45
9 46
9 47
9 48
9 49
9 50
9 51
9 52
9 53
9 54
9 55
10 27
10 44
10 56
10 57
10 58
10 59
10 60
10 61
10 62
10 63
10 64
10 65
11 27
11 41
11 42
11 43
11 52
12 11
12 16
12 23
12 24
12 25
12 41
12 43
12 44
12 46
12 47
12 66
12 67
12 68
12 69
12 70
12 71
12 72
12 73
12 74
12 75
12 76
12 77
12 78
12 79
12 80
12 81
12 82
12 83
12 84
12 85
12 86
12 87
12 88
13 18
13 27
13 41
13 42
13 44
13 52
13 57
13 89
13 90
13 91
13 92
13 93
13 94
13 95
13 96
14 41
14 43
14 97
14 98
15 27
15 41
15 66
15 99
16 24
16 41
16 44
16 69
16 70
16 95
16 100
16 101
16 102
17 1
17 2
17 19
17 28
18 18
18 41
18 42
18 43
18 44
18 94
18 101
18 103
18 104
18 105
19 27
19 106
19 107
19 108
19 109
19 110
19 111
20 24
20 35
20 41
20 66
20 69
20 87
20 104
20 112
20 113
20 114
20 115
20 116
20 117
20 118
21 27
21 35
21 41
21 43
21 69
21 87
21 113
21 119
21 120
21 121
21 122
22 27
22 37
22 39
22 41
22 42
22 92
22 95
22 98
22 103
22 109
22 123
22 124
22 125
22 126
22 127
22 128
22 129
22 130
22 131
22 132
22 133
22 134
23 24
23 41
23 43
23 66
23 103
23 109
23 115
23 135
23 136
24 24
24 25
24 69
24 83
24 92
24 131
24 137
24 138
24 139
24 140
24 141
24 142
24 143
25 16
25 23
25 27
25 90
25 103
25 128
25 133
25 144
25 145
25 146
25 147
25 148
25 149
25 150
25 151
25 152
25 153
25 154
26 24
26 27
26 101
26 131
26 155
26 156
27 130
27 157
28 27
28 41
28 44
28 63
28 69
28 86
28 158
28 159
28 160
28 161
29 37
29 136
29 162
29 163
29 164
29 165
29 166
29 167
30 24
30 49
30 52
30 69
30 91
30 94
30 101
30 103
30 168
30 169
30 170
31 7
31 9
31 25
31 57
31 171
31 172
31 173
31 174
31 175
32 27
32 41
32 98
32 176
33 0
33 1
33 2
34 24
34 27
34 43
34 44
34 87
34 94
34 131
34 177
34 178
34 179
35 24
35 27
35 44
35 57
35 180
35 181
35 182
35 183
36 11
36 48
36 49
36 56
36 87
36 184
36 185
36 186
36 187
36 188
36 189
36 190
37 5
37 6
37 26
37 48
37 67
37 69
37 120
37 136
37 138
37 191
37 192
37 193
37 194
37 195
37 196
37 197
37 198
37 199
37 200
37 201
37 202
37 203
37 204
37 205
38 16
38 202
38 206
38 207
38 208
38 209
39 24
39 103
39 187
39 210
39 211
39 212
39 213
39 214
39 215
40 202
40 203
40 216
40 217
40 218
40 219
40 220
41 221
41 222
41 223
41 224
41 225
41 226
42 1
42 28
42 29
42 227
42 228
42 229
42 230
42 231
42 232
42 233
43 22
43 27
43 49
43 87
43 187
44 3
44 16
44 24
44 25
44 109
44 112
44 120
44 183
44 193
44 197
44 201
44 234
44 235
44 236
44 237
45 16
45 201
45 238
45 239
45 240
46 2
46 28
46 29
46 201
46 227
46 228
46 241
46 242
46 243
46 244
46 245
47 18
47 27
47 41
47 44
47 139
47 184
47 246
47 247
48 18
48 27
48 43
48 44
48 91
48 98
48 130
48 184
48 248
48 249
48 250
48 251
49 24
49 41
49 44
49 252
49 253
49 254
50 3
50 8
50 173
50 197
50 255
50 256
50 257
50 258
50 259
51 41
51 70
51 260
51 261
52 262
52 263
53 11
53 43
53 44
53 98
53 177
53 212
53 264
53 265
53 266
54 37
54 41
54 52
54 69
54 87
54 91
54 92
54 95
54 98
54 109
54 131
54 132
54 133
54 138
54 191
54 202
54 267
54 268
54 269
54 270
54 271
54 272
54 273
54 274
54 275
54 276
54 277
54 278
55 279
56 1
56 2
56 29
56 31
56 241
56 280
56 281
56 282
56 283
56 284
56 285
56 286
57 29
57 201
57 241
57 282
57 284
57 286
57 287
57 288
57 289
58 28
58 29
58 241
58 242
58 244
58 285
58 286
58 288
58 289
58 290
58 291
59 16
59 27
59 48
59 69
59 95
59 109
59 115
59 183
59 279
59 292
59 293
59 294
60 113
61 125
61 128
61 295
61 296
61 297
61 298
61 299
61 300
61 301
62 27
62 41
62 42
62 44
62 69
62 91
62 302
63 87
63 303
64 2
64 28
64 29
64 230
64 241
64 304
64 305
64 306
65 18
65 22
65 27
65 64
65 109
65 180
65 307
65 308
66 25
66 27
66 36
66 57
66 155
66 309
66 310
66 311
66 312
66 313
66 314
67 11
67 15
67 24
67 41
67 48
67 52
67 66
67 71
67 73
67 94
67 108
67 136
67 152
67 166
67 185
67 251
67 315
67 316
67 317
67 318
67 319
67 320
67 321
67 322
67 323
67 324
67 325
67 326
68 7
68 11
68 14
68 15
68 16
68 17
68 25
68 36
68 37
68 45
68 48
68 49
68 54
68 57
68 68
68 71
68 86
68 98
68 109
68 112
68 117
68 120
68 132
68 136
68 175
68 182
68 183
68 184
68 185
68 188
68 190
68 201
68 208
68 251
68 258
68 269
68 271
68 277
68 316
68 317
68 327
68 328
68 329
68 330
68 331
68 332
68 333
68 334
68 335
68 336
68 337
68 338
68 339
68 340
68 341
68 342
68 343
68 344
68 345
68 346
68 347
68 348
68 349
68 350
68 351
68 352
68 353
68 354
68 355
68 356
68 357
68 358
68 359
68 360
68 361
68 362
68 363
68 364
68 365
68 366
68 367
68 368
68 369
68 370
68 371
68 372
68 373
68 374
68 375
68 376
68 377
68 378
68 379
68 380
68 381
68 382
68 383
68 384
68 385
68 386
68 387
68 388
68 389
68 390
68 391
68 392
68 393
68 394
68 395
68 396
68 397
68 398
69 0
69 1
69 21
69 288
69 353
69 399
69 400
69 401
70 24
70 25
70 27
70 36
70 41
70 52
70 70
70 77
70 83
70 103
70 109
70 115
70 138
70 158
70 201
70 402
70 403
70 404
70 405
70 406
71 11
71 16
71 25
71 41
71 66
71 77
71 83
71 95
71 109
71 138
71 163
71 185
71 402
71 404
71 407
71 408
72 98
72 409
73 24
73 27
73 46
73 80
73 184
73 279
73 342
73 410
73 411
73 412
73 413
73 414
73 415
73 416
73 417
73 418
74 0
74 1
74 2
75 8
75 15
75 24
75 25
75 26
75 27
75 43
75 72
75 83
75 87
75 109
75 120
75 136
75 138
75 172
75 173
75 183
75 193
75 219
75 234
75 419
75 420
75 421
75 422
75 423
75 424
75 425
75 426
76 1
76 2
76 28
77 27
77 41
77 43
77 133
77 260
78 10
78 24
78 25
78 27
78 35
78 41
78 44
78 54
78 69
78 73
78 74
78 80
78 83
78 92
78 103
78 109
78 123
78 131
78 138
78 169
78 178
78 184
78 193
78 199
78 278
78 321
78 394
78 405
78 427
78 428
78 429
78 430
78 431
78 432
78 433
78 434
78 435
78 436
78 437
78 438
79 69
79 87
79 91
79 354
79 439
80 1
80 2
80 29
80 230
80 241
80 242
80 244
80 280
80 281
80 282
80 285
80 286
80 289
80 290
80 440
80 441
81 57
81 213
81 442
82 24
82 35
82 41
82 43
82 44
82 66
82 69
82 80
82 92
82 98
82 123
82 128
82 131
82 136
82 443
82 444
82 445
83 0
83 1
83 228
83 446
84 18
84 27
84 41
84 44
84 66
84 73
84 86
84 103
84 168
84 184
84 432
85 27
85 41
85 86
85 87
85 98
85 118
85 265
86 27
86 43
86 98
86 103
86 342
86 447
87 27
87 44
87 109
88 18
88 41
88 44
88 69
88 94
88 95
88 121
88 128
88 444
88 445
88 448
89 24
89 41
89 63
89 79
89 91
89 101
89 112
89 117
89 179
89 194
89 212
89 236
89 274
89 277
89 349
89 354
89 371
89 449
89 450
89 451
90 1
90 2
90 29
90 230
90 241
90 244
90 280
90 281
90 285
90 286
90 289
90 452
91 27
91 41
91 73
91 92
91 120
91 173
91 361
91 453
92 99
92 184
92 213
92 262
92 402
92 411
92 454
92 455
92 456
93 87
93 279
94 8
94 27
94 34
94 136
94 173
94 256
94 354
94 457
94 458
94 459
95 460
95 461
96 25
96 27
96 35
96 69
96 80
96 92
96 128
96 151
96 183
96 202
96 207
96 235
96 302
96 371
96 376
96 451
96 462
96 463
96 464
96 465
96 466
96 467
96 468
96 469
96 470
97 128
97 471
97 472
97 473
97 474
97 475
98 23
98 24
98 27
98 46
98 69
98 118
98 130
98 150
98 151
98 192
98 402
98 476
98 477
98 478
98 479
98 480
99 16
99 24
99 27
99 41
99 184
99 187
99 260
99 279
99 481
99 482
100 125
100 180
100 307
100 483
100 484
100 485
100 486
100 487
101 24
101 27
101 41
101 66
101 69
101 150
101 279
101 477
101 488
102 27
102 35
102 41
102 44
102 69
102 95
102 101
102 149
102 489
102 490
102 491
103 27
103 41
103 52
103 92
103 94
103 101
103 406
104 10
104 23
104 24
104 25
104 27
104 37
104 62
104 63
104 69
104 109
104 128
104 130
104 145
104 348
104 402
104 411
104 492
104 493
104 494
104 495
104 496
105 10
105 16
105 23
105 24
105 27
105 37
105 43
105 75
105 77
105 83
105 84
105 138
105 145
105 168
105 184
105 201
105 204
105 313
105 349
105 402
105 404
105 497
105 498
105 499
105 500
105 501
105 502
105 503
105 504
105 505
105 506
105 507
106 41
106 44
106 97
106 133
106 508
107 7
107 27
107 46
107 52
107 55
107 57
107 80
107 272
107 359
107 378
107 395
107 509
107 510
107 511
108 24
108 66
108 130
108 179
108 512
108 513
108 514
108 515
109 24
109 36
109 69
109 108
109 109
109 125
109 204
109 293
109 494
109 516
109 517
110 15
110 24
110 41
110 112
110 169
110 201
110 212
110 271
110 275
110 310
110 342
110 402
110 405
110 518
110 519
110 520
110 521
110 522
111 27
111 77
111 83
111 109
111 138
111 184
111 187
111 523
112 0
112 227
112 228
112 441
112 524
113 1
113 2
113 28
114 18
114 27
114 35
114 41
114 52
114 69
114 73
114 158
114 491
115 52
115 87
115 98
115 178
115 402
115 525
115 526
116 16
116 25
116 68
116 125
116 267
116 372
116 466
116 527
117 173
117 256
117 458
117 528
117 529
118 57
118 349
118 530
118 531
118 532
118 533
118 534
119 23
119 24
119 27
119 69
119 86
119 92
119 157
119 158
119 189
119 211
119 224
119 402
119 490
119 535
119 536
119 537
119 538
119 539
119 540
119 541
120 24
120 41
120 69
120 74
120 117
120 189
120 338
120 450
120 542
121 23
121 24
121 27
121 44
121 46
121 69
121 103
121 126
121 145
121 183
121 184
121 216
121 272
121 279
121 402
121 543
121 544
121 545
122 27
122 39
122 69
122 88
122 136
122 189
122 394
122 546
123 54
123 402
123 404
123 528
123 547
123 548
123 549
123 550
123 551
123 552
124 136
124 424
124 553
124 554
125 442
125 472
125 555
126 16
126 57
126 109
126 204
126 499
126 556
127 23
127 27
127 43
127 44
127 48
127 402
127 557
127 558
127 559
127 560
127 561
128 6
128 7
128 8
128 11
128 25
128 27
128 37
128 43
128 56
128 59
128 71
128 88
128 109
128 120
128 136
128 138
128 169
128 173
128 183
128 185
128 201
128 234
128 235
128 310
128 313
128 324
128 356
128 378
128 384
128 386
128 389
128 402
128 419
128 422
128 426
128 543
128 562
128 563
128 564
128 565
128 566
128 567
128 568
128 569
128 570
128 571
128 572
128 573
128 574
128 575
128 576
128 577
128 578
128 579
128 580
128 581
128 582
128 583
129 16
129 278
129 584
130 23
130 24
130 25
130 41
130 43
130 52
130 73
130 77
130 80
130 121
130 169
130 184
130 202
130 235
130 402
130 424
130 489
130 585
130 586
130 587
130 588
130 589
131 0
131 1
131 2
132 69
132 81
132 83
132 117
132 119
132 209
132 264
132 323
132 468
132 590
132 591
132 592
132 593
133 25
133 404
133 594
134 24
134 27
134 44
134 128
134 191
134 303
134 595
135 24
135 41
135 66
135 70
135 212
135 279
135 323
135 438
135 444
135 445
135 518
135 596
136 133
136 136
136 149
136 597
136 598
136 599
137 16
137 25
137 27
137 77
137 83
137 138
137 152
137 184
137 201
137 313
137 459
137 586
138 10
138 22
138 27
138 41
138 92
138 145
138 156
138 160
138 209
138 274
138 293
138 494
138 600
138 601
139 109
139 238
139 602
139 603
139 604
139 605
139 606
139 607
140 11
140 15
140 16
140 24
140 25
140 27
140 41
140 43
140 52
140 56
140 59
140 66
140 71
140 92
140 94
140 95
140 103
140 116
140 120
140 126
140 131
140 178
140 185
140 279
140 316
140 365
140 413
140 608
140 609
140 610
141 27
141 41
141 42
141 43
141 52
141 98
141 126
142 24
142 25
142 27
142 35
142 41
142 42
142 66
142 69
142 83
142 87
142 92
142 109
142 138
142 189
142 279
142 321
142 354
142 481
143 27
143 41
143 69
143 74
143 94
143 349
143 611
144 14
144 41
144 48
144 69
144 70
144 83
144 94
144 101
144 117
144 128
144 136
144 138
144 201
144 204
144 422
144 468
144 489
144 612
144 613
144 614
144 615
145 23
145 24
145 25
145 54
145 66
145 69
145 169
145 496
145 616
146 69
146 119
146 354
147 41
147 52
147 54
147 92
147 139
147 152
147 430
147 536
147 548
147 617
148 23
148 128
148 472
148 602
148 618
148 619
148 620
148 621
149 25
149 27
149 37
149 41
149 44
149 48
149 52
149 63
149 66
149 69
149 73
149 86
149 92
149 94
149 101
149 117
149 131
149 161
149 169
149 177
149 178
149 235
149 385
149 408
149 424
149 429
149 432
149 484
149 542
149 622
149 623
149 624
149 625
149 626
149 627
149 628
150 41
150 77
150 83
150 109
150 112
150 119
150 120
150 133
150 136
150 138
150 176
150 264
150 402
150 450
150 496
150 629
150 630
151 46
151 109
151 631
151 632
151 633
152 16
152 120
152 173
152 184
152 324
152 562
152 585
152 634
153 24
153 27
153 35
153 41
153 91
153 121
153 213
153 635
153 636
154 0
154 1
154 2
154 401
155 3
155 4
155 23
155 57
155 66
155 145
155 402
155 637
155 638
155 639
156 1
156 2
156 21
156 280
156 446
156 640
157 11
157 16
157 24
157 35
157 41
157 45
157 47
157 66
157 77
157 83
157 91
157 126
157 138
157 151
157 184
157 185
157 608
157 641
157 642
157 643
157 644
157 645
157 646
158 24
158 27
158 41
158 43
158 44
158 102
158 368
158 429
159 15
159 16
159 18
159 24
159 25
159 27
159 41
159 54
159 93
159 133
159 140
159 149
159 162
159 173
159 183
159 234
159 279
159 332
159 341
159 427
159 491
159 539
159 543
159 562
159 566
159 575
159 582
159 586
159 646
159 647
159 648
159 649
159 650
159 651
159 652
159 653
159 654
160 41
160 42
161 27
161 35
161 41
161 43
161 44
161 69
161 127
161 235
161 479
162 16
162 24
162 27
162 102
162 112
162 279
163 24
163 27
163 80
163 279
163 412
163 481
163 488
164 3
164 25
164 27
164 81
164 315
165 1
165 2
165 28
166 24
166 25
166 35
166 41
166 47
166 66
166 70
166 265
166 456
167 8
167 27
167 38
167 44
167 59
167 92
167 131
167 271
167 323
167 457
167 491
167 559
167 655
168 16
168 23
168 128
168 262
168 656
168 657
168 658
168 659
169 16
169 24
169 25
169 37
169 41
169 43
169 48
169 52
169 54
169 66
169 69
169 87
169 88
169 92
169 98
169 101
169 136
169 141
169 158
169 169
169 193
169 235
169 275
169 362
169 394
169 423
169 424
169 429
169 451
169 642
169 660
169 661
169 662
169 663
169 664
169 665
169 666
169 667
169 668
169 669
169 670
169 671
169 672
170 16
170 25
170 45
170 47
170 77
170 83
170 139
170 402
170 673
170 674
170 675
170 676
171 25
171 109
171 120
171 133
171 136
171 172
171 183
171 184
171 193
171 219
171 221
171 390
171 402
171 422
171 426
171 450
171 491
171 541
171 677
171 678
171 679
171 680
171 681
171 682
171 683
171 684
171 685
171 686
172 27
172 44
172 87
172 109
172 113
172 279
172 354
172 687
172 688
173 37
173 95
173 115
173 136
174 16
174 25
174 27
174 41
174 52
174 66
174 69
174 81
174 92
174 94
174 101
174 102
174 103
174 128
174 169
174 184
174 201
174 235
174 319
174 341
174 390
174 489
174 490
174 589
174 646
174 689
174 690
174 691
175 0
175 1
175 2
175 19
175 227
175 228
175 242
175 285
176 27
176 69
176 103
176 112
176 692
177 11
177 130
177 329
177 445
177 693
177 694
177 695
177 696
177 697
178 27
178 41
178 158
178 279
179 24
179 101
179 303
179 438
179 556
179 698
179 699
179 700
180 88
180 139
180 140
180 184
180 506
180 639
180 701
180 702
180 703
180 704
181 24
181 36
181 70
181 138
181 145
181 183
181 402
181 411
181 660
182 10
182 46
182 77
182 83
182 145
182 216
182 483
182 569
182 705
183 24
183 27
183 43
183 70
183 100
183 101
183 158
183 177
183 513
184 34
184 639
184 706
184 707
184 708
185 24
185 133
185 214
185 256
185 402
185 427
185 709
185 710
185 711
185 712
185 713
185 714
186 23
186 27
186 44
186 437
186 595
187 18
187 25
187 27
187 77
187 83
187 125
187 138
187 184
187 213
187 272
187 402
187 456
187 460
187 494
187 688
187 715
188 44
188 98
188 136
188 627
188 716
189 8
189 15
189 138
189 201
189 219
189 411
189 469
189 586
189 717
190 0
190 2
190 29
190 230
190 285
190 305
190 718
191 24
191 25
191 27
191 86
191 108
191 112
191 181
191 209
191 402
191 410
191 675
191 719
192 27
192 57
192 87
192 184
192 235
192 269
192 505
192 720
192 721
192 722
192 723
193 16
193 57
193 120
193 402
193 724
194 24
194 27
194 69
194 117
194 136
194 182
195 7
195 128
195 224
195 376
195 458
195 618
195 670
195 725
195 726
195 727
195 728
195 729
195 730
195 731
196 16
196 23
196 24
196 27
196 59
196 69
196 98
196 103
196 109
196 150
196 151
196 184
196 186
196 193
196 264
196 266
196 293
196 342
196 421
196 444
196 445
196 448
196 481
196 548
196 560
196 609
196 720
196 724
196 732
196 733
196 734
196 735
196 736
196 737
197 7
197 80
197 103
197 209
197 637
197 738
197 739
197 740
197 741
197 742
198 1
198 2
198 228
198 229
198 446
198 743
199 27
199 49
199 69
199 109
199 139
199 184
199 548
199 744
200 24
200 27
200 41
200 47
200 52
200 90
200 94
200 97
200 114
200 126
200 133
200 180
200 188
200 209
200 277
200 342
200 361
200 394
200 628
200 637
200 671
200 745
200 746
201 26
201 57
201 138
201 201
201 219
201 426
201 469
201 677
201 678
202 41
202 53
202 55
202 107
202 265
203 43
203 66
203 310
203 342
203 394
203 408
203 411
203 466
203 733
203 747
203 748
203 749
204 27
204 303
205 0
205 1
205 2
205 21
205 232
205 401
206 7
206 111
206 115
206 136
206 139
206 203
206 416
206 527
206 543
206 594
206 750
206 751
206 752
206 753
207 0
207 1
207 2
208 25
208 27
208 44
208 189
208 193
208 201
208 310
208 332
208 390
208 404
208 424
208 456
208 490
208 676
208 754
208 755
208 756
209 18
209 24
209 27
209 41
209 44
209 260
209 279
209 668
210 16
210 23
210 24
210 25
210 27
210 35
210 41
210 43
210 44
210 47
210 52
210 59
210 66
210 69
210 70
210 77
210 80
210 83
210 92
210 94
210 98
210 126
210 131
210 138
210 156
210 193
210 212
210 235
210 236
210 279
210 444
210 445
210 494
210 511
210 518
210 682
210 721
210 757
210 758
210 759
211 41
211 101
211 184
211 186
211 503
211 760
212 11
212 15
212 17
212 24
212 120
212 133
212 150
212 184
212 185
212 196
212 300
212 302
212 394
212 411
212 491
212 761
212 762
212 763
213 27
213 41
213 43
213 44
213 114
213 477
213 764
214 88
214 183
214 269
214 765
215 27
215 187
215 213
215 455
215 657
215 723
215 766
216 3
216 173
216 201
216 220
216 438
216 638
216 701
216 713
216 767
217 16
217 24
217 27
217 41
217 44
217 54
217 92
217 279
217 768
218 0
218 1
218 2
218 19
219 44
219 45
219 49
219 279
219 338
219 769
220 136
220 527
220 627
221 70
221 176
222 27
222 43
222 69
222 98
222 136
222 189
222 747
222 770
223 27
223 52
223 53
223 87
223 91
223 613
224 15
224 24
224 25
224 27
224 41
224 47
224 71
224 83
224 86
224 91
224 102
224 109
224 138
224 212
224 302
224 315
224 402
224 411
224 771
224 772
224 773
224 774
224 775
225 136
225 279
225 410
225 776
226 703
226 709
226 710
226 713
226 777
227 774
227 778
228 27
228 41
228 43
228 47
228 97
228 98
228 103
228 109
228 113
228 126
228 201
228 394
228 429
229 8
229 18
229 61
229 115
229 138
229 175
229 202
229 318
229 324
229 404
229 433
229 457
229 469
229 562
229 675
229 701
229 754
229 779
229 780
230 23
230 24
230 27
230 35
230 36
230 41
230 44
230 46
230 73
230 86
230 103
230 109
230 115
230 128
230 130
230 133
230 136
230 212
230 248
230 349
230 490
230 511
230 658
230 665
230 781
230 782
230 783
231 41
231 54
231 70
231 97
231 114
231 115
231 214
232 1
232 2
232 230
232 241
232 401
232 446
232 640
232 784
232 785
233 27
233 184
233 186
233 201
233 303
234 27
234 44
234 69
234 94
234 95
234 117
234 438
234 450
234 459
234 755
234 786
235 6
235 11
235 16
235 18
235 24
235 25
235 27
235 37
235 46
235 69
235 98
235 102
235 115
235 141
235 167
235 184
235 201
235 219
235 402
235 404
235 495
235 515
235 516
235 639
235 706
235 726
235 787
235 788
235 789
235 790
235 791
235 792
235 793
235 794
236 27
236 98
236 341
236 595
236 782
236 795
236 796
237 0
237 1
237 2
237 21
238 57
238 87
238 99
238 184
238 187
238 201
238 795
238 797
239 25
239 27
239 36
239 120
239 639
239 798
239 799
239 800
240 24
240 57
240 69
240 98
240 201
240 518
240 556
240 609
240 655
241 24
241 27
241 41
241 69
241 91
241 109
241 113
241 117
241 165
241 184
241 189
241 190
241 191
241 209
241 277
241 394
241 402
241 438
241 490
241 801
241 802
242 27
242 41
242 44
242 92
242 122
242 279
242 488
242 708
242 800
243 98
243 303
244 27
244 35
244 91
244 184
245 16
245 24
245 27
245 43
245 44
245 53
245 55
245 59
245 73
245 92
245 101
245 102
245 103
245 131
245 430
245 511
245 665
245 803
246 6
246 7
246 10
246 11
246 24
246 35
246 36
246 41
246 43
246 46
246 54
246 69
246 70
246 71
246 77
246 83
246 88
246 92
246 117
246 120
246 130
246 131
246 151
246 185
246 202
246 216
246 236
246 277
246 279
246 309
246 329
246 348
246 349
246 376
246 379
246 388
246 389
246 443
246 444
246 445
246 608
246 609
246 641
246 703
246 704
246 708
246 771
246 804
246 805
246 806
247 41
247 42
247 43
247 46
247 212
247 279
247 438
247 518
247 807
248 1
248 2
248 21
248 28
248 29
248 230
248 242
248 285
248 446
248 640
249 8
249 23
249 24
249 25
249 27
249 41
249 43
249 46
249 48
249 52
249 56
249 59
249 70
249 77
249 83
249 87
249 106
249 109
249 116
249 138
249 145
249 151
249 165
249 175
249 184
249 193
249 251
249 310
249 356
249 359
249 402
249 422
249 426
249 457
249 518
249 545
249 560
249 616
249 655
249 677
249 678
249 679
249 724
249 737
249 749
249 779
249 808
249 809
249 810
249 811
249 812
249 813
249 814
250 22
250 26
250 27
250 70
250 109
250 165
250 385
250 815
251 11
251 25
251 27
251 37
251 52
251 115
251 125
251 136
251 182
251 185
251 201
251 315
251 324
251 385
251 466
251 527
251 560
251 651
251 689
251 774
251 816
251 817
252 23
252 103
252 136
252 248
252 490
252 633
253 27
253 41
253 42
253 127
254 25
254 46
254 49
254 69
254 184
254 412
254 438
254 444
254 445
254 560
254 800
254 818
254 819
254 820
255 11
255 24
255 41
255 66
255 98
255 109
255 132
255 165
255 187
255 201
255 341
255 423
255 517
255 821
255 822
255 823
256 16
256 44
256 91
256 386
256 592
256 720
256 824
257 16
257 658
257 782
257 825
257 826
257 827
257 828
258 27
258 44
258 221
258 829
258 830
258 831
258 832
259 37
259 40
259 91
259 278
260 27
260 43
260 48
260 115
260 136
260 201
260 277
260 385
260 527
260 627
260 803
260 823
260 833
260 834
260 835
261 16
261 27
261 41
261 43
261 44
261 359
261 687
261 688
261 764
262 27
262 122
262 177
262 430
262 444
262 445
262 626
262 836
263 27
263 35
263 41
263 42
263 52
263 69
263 98
263 445
263 479
263 837
263 838
263 839
264 15
264 25
264 27
264 56
264 70
264 87
264 92
264 190
264 212
264 264
264 265
264 481
264 821
265 11
265 15
265 16
265 25
265 184
265 185
265 187
265 327
265 336
265 347
265 360
265 391
265 494
265 534
265 840
265 841
265 842
265 843
265 844
265 845
265 846
265 847
265 848
266 57
266 87
266 98
266 108
266 184
266 499
266 737
266 849
267 18
267 27
267 41
267 44
267 98
267 158
268 24
268 25
268 27
268 43
268 69
268 87
268 101
268 117
268 136
268 184
268 187
268 201
268 527
268 543
268 758
268 850
269 11
269 24
269 41
269 47
269 66
269 71
269 91
269 109
269 185
269 348
269 429
269 494
269 560
269 845
270 16
270 27
270 41
270 44
270 54
270 65
270 87
270 264
270 751
270 851
271 16
271 24
271 25
271 27
271 41
271 48
271 49
271 52
271 55
271 57
271 81
271 86
271 87
271 101
271 132
271 138
271 202
271 363
271 444
271 445
271 759
271 789
271 852
271 853
272 659
272 854
272 855
272 856
272 857
273 41
273 70
273 114
273 133
273 260
274 16
274 24
274 43
274 48
274 53
274 54
274 59
274 138
274 184
274 202
274 208
274 269
274 271
274 277
274 323
274 329
274 342
274 350
274 354
274 359
274 371
274 376
274 377
274 412
274 438
274 486
274 508
274 556
274 568
274 587
274 703
274 730
274 858
274 859
274 860
274 861
274 862
275 1
275 2
275 230
275 241
275 280
275 305
275 440
275 452
275 863
275 864
276 36
276 87
276 101
276 109
276 234
276 402
276 865
277 25
277 37
277 123
277 128
277 138
277 376
277 489
277 690
277 866
278 18
278 25
278 26
278 49
278 52
278 77
278 83
278 87
278 101
278 134
278 138
278 165
278 169
278 183
278 184
278 201
278 202
278 207
278 235
278 269
278 331
278 341
278 356
278 374
278 376
278 462
278 464
278 486
278 487
278 508
278 510
278 586
278 720
278 867
278 868
278 869
278 870
278 871
278 872
278 873
278 874
278 875
278 876
278 877
278 878
279 24
279 25
279 76
279 80
279 201
279 402
279 424
279 852
279 879
280 27
280 52
280 139
280 266
280 394
280 733
280 809
280 880
280 881
281 16
281 23
281 41
281 44
281 160
281 248
281 264
281 481
282 24
282 25
282 46
282 69
282 73
282 74
282 101
282 117
282 149
282 235
282 377
282 402
282 513
282 882
283 27
283 43
283 44
283 66
283 69
283 74
283 429
283 883
284 16
284 27
284 277
284 376
284 581
284 595
285 133
285 402
285 595
285 884
286 24
286 35
286 41
286 69
286 91
286 152
287 27
287 69
287 83
287 84
287 87
287 111
287 184
287 402
287 468
287 479
287 590
287 753
287 879
287 885
287 886
287 887
287 888
287 889
287 890
287 891
288 150
288 247
288 631
288 751
288 892
289 3
289 106
289 893
290 7
290 8
290 9
290 24
290 27
290 49
290 69
290 103
290 133
290 201
290 221
290 271
290 279
290 321
290 323
290 342
290 349
290 354
290 402
290 481
290 563
290 758
290 894
290 895
290 896
290 897
290 898
291 27
291 46
291 54
291 69
291 73
291 91
291 108
291 109
291 122
291 149
291 184
291 196
291 313
291 341
291 359
291 363
291 465
291 489
291 494
291 544
291 632
291 691
291 862
291 899
291 900
291 901
291 902
292 11
292 35
292 36
292 54
292 69
292 70
292 88
292 109
292 121
292 128
292 155
292 183
292 185
292 201
292 208
292 314
292 337
292 581
292 903
292 904
293 16
293 27
293 35
293 41
293 48
293 52
293 66
293 69
293 83
293 87
293 92
293 98
293 101
293 102
293 109
293 131
293 138
293 213
293 279
293 348
293 349
293 490
293 637
293 905
294 27
294 41
294 42
294 43
294 52
294 70
294 126
294 906
295 2
295 29
295 201
295 230
295 241
295 242
295 280
295 281
295 286
295 289
295 350
295 441
295 718
295 907
295 908
295 909
295 910
296 24
296 25
296 27
296 43
296 77
296 83
296 138
297 7
297 11
297 16
297 23
297 24
297 25
297 36
297 45
297 69
297 77
297 83
297 87
297 117
297 138
297 173
297 185
297 220
297 265
297 266
297 309
297 341
297 376
297 378
297 402
297 413
297 427
297 701
297 712
297 800
297 894
297 911
297 912
297 913
298 24
298 69
298 80
298 109
298 112
298 138
298 150
298 162
298 164
298 193
298 279
298 411
298 424
298 469
298 544
298 678
299 157
299 458
299 606
299 914
299 915
299 916
299 917
299 918
300 80
300 136
300 149
300 223
300 489
300 606
300 919
300 920
300 921
300 922
301 26
301 80
301 140
301 678
302 27
302 76
302 78
302 80
302 83
302 87
302 136
302 197
302 234
302 293
302 403
302 411
302 422
302 562
302 638
302 679
302 741
302 923
302 924
303 27
303 41
303 44
303 70
303 73
303 101
303 279
303 429
303 499
303 925
304 27
304 86
304 103
304 249
304 390
304 394
304 511
305 23
305 25
305 27
305 43
305 69
305 77
305 83
305 98
305 151
305 183
305 190
305 201
305 310
305 376
305 402
305 404
305 423
305 585
305 687
305 688
305 926
306 1
306 2
306 21
306 28
307 16
307 23
307 24
307 27
307 43
307 77
307 83
307 109
307 120
307 130
307 138
307 172
307 183
307 193
307 201
307 204
307 211
307 234
307 310
307 342
307 348
307 402
307 411
307 541
307 562
307 582
307 682
307 794
307 804
307 927
307 928
307 929
307 930
307 931
308 7
308 11
308 23
308 119
308 220
308 264
308 456
308 608
309 43
309 55
309 133
309 323
309 542
309 665
309 815
309 932
310 24
310 25
310 69
310 83
310 109
310 120
310 220
310 221
310 438
310 567
310 587
310 933
310 934
311 23
311 57
311 75
312 0
312 1
312 2
312 232
312 294
312 401
312 935
312 936
312 937
313 27
313 35
313 37
313 69
313 73
313 178
313 183
313 938
314 628
314 676
314 738
314 938
315 2
315 29
315 30
315 230
315 241
315 280
315 285
315 718
315 939
316 48
316 69
316 120
316 191
316 192
316 650
316 940
317 16
317 25
317 27
317 49
317 57
317 125
317 201
317 234
317 255
317 402
317 560
317 616
317 941
317 942
318 0
318 2
318 29
318 227
318 229
318 230
318 353
318 400
318 640
318 943
319 27
319 40
319 41
319 150
319 158
319 430
319 450
319 931
320 24
320 27
320 36
320 92
320 112
320 125
320 394
320 402
320 680
320 944
321 16
321 24
321 35
321 41
321 47
321 66
321 112
321 120
321 128
321 183
321 456
321 945
322 1
322 29
322 241
322 242
322 280
322 283
322 285
322 305
322 452
322 522
322 663
322 946
323 25
323 46
323 69
323 136
323 184
323 203
323 786
323 843
323 911
324 0
324 29
324 241
324 281
324 285
324 286
324 288
324 289
324 718
325 8
325 136
325 234
325 323
325 342
325 371
325 417
325 418
325 426
325 451
325 564
325 575
325 701
325 900
325 947
325 948
326 0
326 1
326 2
326 21
326 29
326 31
326 228
326 241
326 353
326 400
326 743
327 16
327 41
327 42
327 43
327 52
327 120
328 27
328 35
328 41
328 44
328 69
328 158
329 27
329 41
329 57
329 113
329 122
329 183
329 438
329 720
329 761
330 16
330 27
330 41
330 42
330 43
330 44
330 87
330 177
330 187
330 447
330 859
331 22
331 103
331 108
331 455
332 35
332 36
332 47
332 69
332 138
332 279
332 411
332 539
332 949
333 23
333 98
333 402
333 483
333 950
334 16
334 24
334 69
334 87
334 174
334 219
334 236
334 411
334 494
335 15
335 23
335 25
335 81
335 201
335 402
335 532
335 713
335 846
336 16
336 41
336 42
336 429
337 16
337 24
337 41
337 54
337 92
337 158
337 310
337 489
337 490
337 951
337 952
337 953
338 11
338 24
338 43
338 275
338 402
338 405
338 477
338 954
339 22
339 24
339 77
339 83
339 138
339 169
339 170
339 208
339 235
339 279
339 310
339 337
339 342
339 350
339 392
339 402
339 411
339 496
339 592
339 633
339 651
339 668
339 678
339 713
339 722
339 747
339 760
339 852
339 894
339 923
339 955
339 956
339 957
339 958
340 24
340 27
340 87
340 184
340 186
340 187
340 211
340 639
340 720
341 24
341 27
341 46
341 61
341 98
341 109
341 180
341 183
341 201
341 402
341 496
341 563
341 675
341 723
341 739
341 762
341 891
341 959
341 960
342 2
342 29
342 280
342 446
342 640
343 10
343 25
343 27
343 44
343 69
343 112
343 121
343 128
343 130
343 145
343 189
343 248
343 265
343 489
343 788
343 851
344 23
344 149
344 209
344 292
344 637
345 16
345 23
345 27
345 52
345 57
345 133
345 165
345 201
345 221
345 257
345 259
345 269
345 323
345 402
345 652
345 795
345 961
345 962
346 41
346 43
346 52
346 66
346 169
346 187
346 235
346 279
346 963
347 0
347 29
347 183
347 281
347 288
347 290
347 907
347 964
347 965
348 11
348 24
348 41
348 69
348 94
348 219
348 279
348 429
348 966
349 0
349 1
349 29
349 162
349 229
349 230
349 241
349 242
349 244
349 281
349 282
349 287
349 288
349 289
349 399
349 441
349 908
349 967
350 3
350 7
350 9
350 11
350 15
350 16
350 17
350 18
350 23
350 24
350 43
350 59
350 109
350 117
350 125
350 185
350 214
350 279
350 316
350 327
350 329
350 336
350 341
350 354
350 379
350 384
350 402
350 445
350 453
350 483
350 568
350 592
350 641
350 705
350 708
350 760
350 773
350 837
350 869
350 968
351 25
351 38
351 88
351 133
351 199
351 201
351 459
351 466
351 670
351 969
351 970
351 971
351 972
352 11
352 24
352 41
352 66
352 69
352 608
353 27
353 69
353 73
353 91
353 98
353 128
353 650
353 973
354 10
354 23
354 24
354 35
354 41
354 46
354 69
354 74
354 83
354 119
354 136
354 216
354 236
354 264
354 293
354 376
354 411
354 429
354 450
354 488
354 494
354 757
354 861
354 868
354 870
354 871
354 974
355 24
355 27
355 35
355 41
355 43
355 45
355 47
355 114
355 155
356 16
356 18
356 27
356 41
356 42
356 43
356 44
356 59
356 94
356 100
356 179
356 212
356 323
356 430
356 975
356 976
357 27
357 70
357 91
357 408
357 438
357 584
357 764
357 869
358 977
359 23
359 221
359 222
359 402
359 714
359 978
359 979
360 2
360 21
360 28
360 227
360 228
360 229
361 23
361 24
361 25
361 27
361 67
361 136
361 194
361 313
361 390
361 494
361 628
361 739
361 929
361 980
362 39
362 63
362 69
362 70
362 80
362 117
362 888
362 981
362 982
363 26
363 57
363 506
363 983
363 984
364 27
364 36
364 41
364 70
364 89
364 155
364 246
364 309
365 23
365 24
365 27
365 130
365 150
365 376
365 811
365 981
365 985
366 24
366 25
366 41
366 43
366 73
366 77
366 83
366 94
366 138
366 163
366 184
366 190
366 235
366 279
366 354
366 416
366 500
367 24
367 25
367 27
367 41
367 46
367 52
367 69
367 81
367 83
367 94
367 98
367 103
367 109
367 119
367 133
367 138
367 160
367 183
367 189
367 201
367 264
367 332
367 404
367 422
367 496
367 542
367 652
367 699
367 755
367 895
367 986
368 23
368 57
368 409
368 987
369 25
369 27
369 136
369 274
369 361
369 453
369 543
369 988
370 27
370 41
370 46
370 69
370 98
370 160
370 260
370 264
370 539
371 223
371 296
371 310
371 313
371 473
371 528
371 830
371 917
371 989
371 990
371 991
372 22
372 27
372 92
372 101
372 133
373 26
373 43
373 74
373 98
373 438
373 992
374 7
374 27
374 43
374 52
374 79
374 87
374 101
374 120
374 179
374 190
374 212
374 220
374 235
374 264
374 265
374 389
374 476
375 2
375 28
375 29
375 242
375 285
375 446
375 640
376 18
376 27
376 35
376 41
376 42
376 44
376 98
376 101
376 265
377 24
377 25
377 27
377 41
377 43
377 97
377 543
378 133
378 222
378 505
379 23
379 24
379 41
379 120
379 128
379 145
379 246
379 523
379 708
380 383
380 595
381 0
381 29
381 31
381 241
381 244
381 281
381 282
381 285
381 286
382 24
382 41
382 55
382 69
382 83
382 95
382 109
382 120
382 184
382 187
382 234
382 411
382 460
382 503
382 585
382 590
382 857
382 993
382 994
383 98
383 251
383 390
383 995
383 996
384 15
384 16
384 24
384 25
384 27
384 41
384 101
384 109
384 120
384 136
384 184
384 189
384 190
384 201
384 371
384 404
384 543
384 627
384 642
384 724
384 747
384 789
384 810
384 997
384 998
385 24
385 41
385 69
385 97
385 236
386 11
386 24
386 41
386 44
386 92
386 114
386 126
386 158
386 608
387 16
387 27
387 223
387 471
387 473
387 999
387 1000
387 1001
388 16
388 24
388 25
388 26
388 48
388 64
388 83
388 111
388 133
388 138
388 188
388 192
388 313
388 314
388 947
388 1002
388 1003
388 1004
388 1005
389 24
389 37
389 66
389 69
389 70
389 77
389 83
389 117
389 136
389 138
389 151
389 185
389 193
389 212
389 376
389 496
389 540
389 608
389 609
390 27
390 35
390 41
390 52
390 66
390 69
391 27
391 41
391 66
391 69
391 102
391 642
392 24
392 36
392 57
392 77
392 78
392 103
392 109
392 128
392 133
392 136
392 138
392 262
392 301
392 403
392 471
392 483
392 602
392 618
392 697
392 831
392 920
392 1006
392 1007
392 1008
392 1009
393 26
393 130
393 201
393 402
393 503
393 602
393 914
393 1010
393 1011
394 303
394 558
395 0
395 1
395 2
395 19
395 228
395 230
395 232
396 27
396 35
396 41
396 42
396 44
396 69
396 720
397 27
397 95
397 136
397 627
397 1012
398 24
398 27
398 35
398 41
398 44
398 69
398 87
398 91
398 184
398 189
398 630
399 27
399 52
399 94
399 98
399 161
399 278
399 584
400 53
401 23
401 25
401 49
401 69
401 77
401 78
401 83
401 115
401 117
401 136
401 138
401 148
401 151
401 184
401 186
401 216
401 293
401 310
401 313
401 349
401 402
401 412
401 413
401 451
401 459
401 466
401 577
401 633
401 645
401 687
401 688
401 724
401 726
401 1013
401 1014
401 1015
401 1016
401 1017
401 1018
402 595
402 940
403 36
403 81
403 150
403 402
403 405
403 734
403 981
403 1019
403 1020
404 0
404 29
404 241
404 242
404 244
404 281
404 282
404 285
404 288
404 290
404 1021
404 1022
405 26
405 27
405 41
405 98
405 122
405 639
405 652
405 789
405 1023
406 27
406 41
406 52
406 69
406 95
406 96
406 158
406 432
406 444
406 445
406 1024
406 1025
407 788
407 922
407 1026
407 1027
407 1028
407 1029
408 23
408 24
408 27
408 41
408 48
408 66
408 67
408 92
408 94
408 127
408 131
408 138
408 183
408 184
408 193
408 202
408 211
408 272
408 279
408 310
408 349
408 354
408 363
408 371
408 404
408 451
408 481
408 560
408 581
408 703
408 720
408 1030
408 1031
409 46
409 77
409 83
409 120
409 184
409 234
409 402
409 403
409 404
409 411
409 585
409 586
409 588
409 940
410 27
410 44
410 70
410 86
410 92
410 101
410 184
410 279
410 310
410 404
410 481
410 761
410 1032
411 28
411 29
411 230
411 241
411 281
411 284
411 285
411 939
411 1033
412 14
412 27
412 43
412 193
412 209
412 720
412 751
412 1034
413 18
413 25
413 27
413 52
413 69
413 675
413 739
413 762
413 869
413 1035
413 1036
413 1037
414 27
414 43
414 66
414 87
414 184
414 455
414 637
414 821
415 16
415 27
415 35
415 41
415 52
415 69
415 260
415 411
415 465
416 24
416 103
416 109
416 125
416 141
416 218
416 402
416 477
416 639
417 27
417 44
417 486
417 665
418 11
418 24
418 41
418 66
418 71
418 91
418 101
418 103
418 169
418 182
418 185
418 189
418 201
418 235
418 251
418 354
418 363
418 402
418 424
418 477
418 542
418 789
418 1038
419 0
419 1
419 2
419 29
419 30
419 241
419 286
419 718
419 908
420 2
420 21
420 29
420 31
420 241
420 280
420 305
420 743
420 1039
421 11
421 15
421 16
421 23
421 25
421 26
421 27
421 37
421 43
421 48
421 66
421 76
421 77
421 81
421 83
421 92
421 102
421 128
421 131
421 136
421 145
421 164
421 184
421 193
421 194
421 206
421 219
421 234
421 325
421 402
421 407
421 420
421 422
421 424
421 426
421 494
421 543
421 569
421 588
421 608
421 678
421 742
421 754
421 794
421 903
421 1040
421 1041
421 1042
422 56
422 131
422 238
422 754
423 16
423 18
423 24
423 44
423 48
423 69
423 74
423 92
423 103
423 118
423 131
423 179
423 310
423 364
423 402
423 456
423 624
423 739
423 747
423 861
423 998
423 1043
423 1044
424 0
424 2
424 524
424 1045
424 1046
425 23
425 24
425 25
425 47
425 69
425 77
425 138
425 219
425 293
426 11
426 24
426 35
426 41
426 43
426 52
426 69
426 101
426 279
426 424
426 432
426 489
426 613
426 757
426 809
426 834
426 835
426 1047
426 1048
427 27
427 43
427 107
427 125
427 495
427 996
428 27
428 44
428 57
428 63
428 75
428 87
428 183
428 310
428 987
429 1
429 2
429 20
429 21
429 28
429 243
430 41
430 42
431 27
431 41
431 52
431 260
432 27
432 77
432 81
432 83
432 115
432 128
432 201
432 312
432 403
432 411
432 438
432 616
432 668
432 697
432 819
432 886
432 928
432 1049
432 1050
432 1051
432 1052
432 1053
433 24
433 25
433 27
433 41
433 44
433 48
433 63
433 69
433 73
433 94
433 101
433 117
433 183
433 184
433 254
433 277
433 411
433 539
433 699
433 723
434 1
434 2
434 29
434 230
434 241
434 242
434 281
434 285
434 289
434 718
434 784
434 793
434 1054
434 1055
434 1056
435 24
435 27
435 41
435 42
435 52
435 86
435 94
435 109
435 112
435 116
435 136
435 155
435 193
435 356
435 543
435 972
435 1057
435 1058
435 1059
436 103
436 165
436 248
436 350
436 655
436 1060
437 36
437 66
437 120
437 138
437 184
437 402
437 411
437 650
437 678
438 35
438 36
438 41
438 47
438 155
438 260
438 1061
439 44
439 59
439 191
439 226
439 352
439 445
439 503
439 595
439 773
439 806
439 837
439 1062
439 1063
440 41
440 44
440 66
441 24
441 25
441 27
441 69
441 70
441 101
441 102
441 104
441 109
441 117
441 169
441 201
441 235
441 272
441 279
441 321
441 348
441 402
441 481
441 1064
441 1065
442 23
442 602
442 659
442 854
443 0
443 1
443 2
443 21
443 29
443 227
443 228
443 230
443 241
443 1066
444 35
444 55
444 69
444 113
444 133
444 264
444 439
444 481
445 27
445 69
445 201
445 251
445 350
445 363
445 402
445 456
445 598
445 720
445 960
446 11
446 24
446 25
446 66
446 184
446 201
446 477
446 795
446 1067
447 1
447 29
447 228
447 288
447 304
447 399
447 1068
447 1069
447 1070
447 1071
448 24
448 92
448 98
448 109
448 136
448 546
448 720
448 811
448 1072
449 11
449 15
449 16
449 23
449 24
449 25
449 27
449 43
449 48
449 49
449 52
449 56
449 59
449 71
449 81
449 115
449 120
449 121
449 173
449 185
449 202
449 257
449 259
449 266
449 316
449 318
449 352
449 402
449 413
449 424
449 427
449 445
449 477
449 486
449 545
449 568
449 639
449 655
449 682
449 699
449 852
449 853
449 862
449 913
449 1073
449 1074
449 1075
449 1076
450 6
450 11
450 17
450 18
450 44
450 46
450 54
450 56
450 71
450 77
450 83
450 92
450 138
450 185
450 202
450 266
450 404
450 540
450 608
450 888
450 1050
450 1077
450 1078
450 1079
450 1080
450 1081
450 1082
451 24
451 26
451 46
451 69
451 145
451 201
451 279
451 481
451 515
452 54
452 132
452 262
452 424
452 598
452 659
452 920
452 922
452 1083
453 25
453 66
453 69
453 130
453 135
453 413
453 424
453 1047
454 24
454 27
454 41
454 43
454 44
455 27
455 41
455 42
455 43
455 44
455 77
455 80
455 88
455 92
455 95
455 98
455 138
455 516
455 1084
456 23
456 25
456 27
456 44
456 410
456 675
456 721
456 737
456 1085
457 16
457 24
457 26
457 69
457 109
457 402
457 405
457 477
457 678
458 35
458 41
458 43
458 44
458 63
458 69
458 149
458 158
458 489
459 7
459 27
459 87
459 184
459 186
459 213
459 914
459 1086
459 1087
460 24
460 25
460 36
460 120
460 128
460 138
460 234
460 678
461 9
461 10
461 24
461 25
461 27
461 41
461 43
461 44
461 69
461 72
461 77
461 81
461 83
461 87
461 101
461 138
461 145
461 184
461 193
461 266
461 310
461 321
461 397
461 402
461 450
461 568
461 622
461 650
461 697
461 749
461 759
461 877
461 963
461 1049
461 1088
461 1089
461 1090
462 24
462 25
462 27
462 41
462 44
462 66
462 102
462 272
462 429
462 450
462 477
463 2
463 29
463 227
463 228
463 230
463 242
463 280
463 285
464 16
464 87
464 98
464 170
464 344
464 347
464 404
464 445
464 694
464 752
464 1091
464 1092
464 1093
464 1094
465 27
465 41
465 43
465 158
465 177
465 1064
466 27
466 41
466 42
466 44
466 69
466 209
467 11
467 223
467 455
467 760
468 25
468 109
468 595
469 7
469 16
469 23
469 24
469 26
469 43
469 48
469 57
469 70
469 103
469 120
469 138
469 173
469 190
469 201
469 202
469 204
469 293
469 300
469 311
469 313
469 336
469 354
469 376
469 402
469 422
469 427
469 477
469 539
469 638
469 642
469 650
469 726
469 768
469 1095
470 139
470 303
470 755
471 27
471 45
471 69
471 121
471 122
471 126
471 348
471 730
471 1096
471 1097
472 27
472 41
472 42
472 46
472 52
472 92
472 123
473 7
473 16
473 69
473 87
473 121
473 193
473 220
473 251
473 543
474 2
474 28
474 243
474 285
475 11
475 18
475 24
475 41
475 44
475 45
475 49
475 54
475 55
475 66
475 75
475 87
475 109
475 114
475 130
475 185
475 236
475 325
475 432
475 465
475 764
475 1025
475 1048
476 9
476 10
476 11
476 13
476 24
476 37
476 43
476 69
476 71
476 73
476 151
476 185
476 189
476 247
476 266
476 277
476 349
476 411
476 622
476 646
476 733
476 801
476 869
476 950
476 976
476 1049
476 1050
476 1098
476 1099
476 1100
477 27
477 52
477 54
477 69
477 87
477 88
477 136
477 271
477 341
477 496
477 560
477 633
477 669
477 675
477 739
477 762
477 869
477 960
477 976
477 1035
477 1043
477 1101
478 8
478 16
478 24
478 25
478 49
478 83
478 193
478 200
478 201
478 207
478 219
478 310
478 371
478 402
478 426
478 469
478 543
478 559
478 1102
478 1103
479 35
479 36
479 41
479 109
479 114
479 130
479 133
479 176
479 823
480 25
480 26
480 99
480 133
480 543
480 1104
480 1105
481 25
481 26
481 41
481 69
481 70
481 119
481 264
481 450
481 981
482 27
482 46
482 99
482 109
482 125
482 154
482 184
482 206
482 216
482 310
482 315
482 376
482 390
482 609
482 722
482 837
482 1062
482 1106
482 1107
483 27
483 86
483 92
483 101
483 184
483 279
483 642
483 665
484 27
484 41
484 91
484 130
484 800
485 27
485 41
485 42
485 97
485 103
485 113
485 184
486 16
486 25
486 49
486 201
486 234
486 310
486 679
486 941
486 1108
487 25
487 27
487 47
487 66
487 67
487 73
487 94
487 125
487 136
487 201
487 271
487 329
487 402
487 483
487 527
487 539
487 608
487 789
487 800
487 1109
487 1110
488 27
488 44
488 87
488 91
488 438
488 1111
488 1112
489 24
489 25
489 27
489 41
489 66
489 69
489 87
489 184
489 279
489 402
489 1113
490 46
490 94
490 101
490 409
490 1114
491 27
491 41
491 52
491 126
491 329
491 608
492 27
492 43
492 52
492 57
492 183
492 238
492 312
492 782
492 884
492 1115
492 1116
493 1
493 2
493 28
494 1
494 2
494 29
494 31
494 230
494 241
494 242
494 244
494 281
494 285
494 784
494 965
495 98
495 453
495 499
495 779
495 850
495 929
495 1117
495 1118
496 27
496 41
496 43
496 52
496 66
496 87
496 720
497 11
497 49
497 55
497 69
497 115
497 119
497 136
497 151
497 165
497 201
497 264
497 278
497 404
497 450
497 511
497 758
497 795
497 823
497 1047
497 1119
498 27
498 41
498 66
498 103
499 11
499 24
499 52
499 67
499 69
499 92
499 101
499 103
499 117
499 131
499 200
499 351
499 536
499 612
499 783
499 972
499 1120
500 24
500 25
500 125
500 130
500 216
500 405
500 483
500 758
500 1080
501 27
501 35
501 41
501 43
501 66
501 70
501 94
501 101
501 102
502 16
502 24
502 25
502 27
502 67
502 69
502 77
502 83
502 117
502 121
502 141
502 172
502 175
502 207
502 310
502 356
502 361
502 402
502 424
502 426
502 477
502 543
502 564
502 650
502 679
502 699
502 802
502 942
502 1121
503 27
503 41
503 44
503 390
503 394
503 745
504 0
504 1
504 21
504 29
504 241
504 285
504 304
504 305
504 389
504 1122
505 16
505 24
505 27
505 41
505 44
505 66
505 92
505 94
505 112
505 150
505 184
505 279
505 313
505 314
505 402
505 949
506 16
506 35
506 44
506 69
506 115
506 117
506 121
506 169
506 235
506 320
506 424
506 589
506 689
506 1123
507 16
507 24
507 25
507 41
507 48
507 52
507 53
507 55
507 69
507 77
507 80
507 83
507 86
507 103
507 119
507 125
507 128
507 138
507 146
507 178
507 189
507 293
507 310
507 424
507 494
507 536
507 540
507 613
507 624
507 702
507 724
507 737
507 781
507 976
507 1016
507 1124
507 1125
507 1126
508 27
508 35
508 37
508 41
508 65
508 69
508 92
508 95
508 118
508 122
508 131
508 182
508 251
508 424
508 476
508 689
508 751
509 27
509 35
509 41
509 46
509 98
509 113
509 120
509 251
509 278
509 720
510 15
510 69
510 81
510 120
510 125
510 136
510 394
510 405
510 1067
511 16
511 24
511 25
511 26
511 67
511 69
511 184
511 279
511 310
511 411
511 527
511 543
511 608
511 668
511 788
512 16
512 27
512 44
512 98
512 109
512 132
512 138
512 202
513 29
513 230
513 241
513 280
513 281
513 282
513 287
513 289
513 1127
514 16
514 27
514 41
514 44
514 86
514 94
514 511
514 720
514 1128
515 16
515 184
515 272
515 402
515 543
515 841
515 1129
515 1130
516 7
516 8
516 15
516 25
516 27
516 43
516 46
516 165
516 184
516 186
516 201
516 211
516 356
516 359
516 416
516 1121
517 7
517 24
517 27
517 52
517 69
517 70
517 87
517 95
517 115
517 121
517 184
517 186
517 271
517 450
517 536
517 1131
518 3
518 8
518 25
518 77
518 83
518 120
518 183
518 184
518 201
518 219
518 585
518 701
519 25
519 27
519 41
519 43
519 66
519 69
519 109
519 117
519 119
519 161
519 177
519 235
519 264
519 271
519 592
520 27
520 37
520 39
520 136
520 139
520 140
520 200
520 438
520 1024
520 1132
521 0
521 1
521 2
521 228
521 230
521 242
521 285
521 286
521 441
521 446
521 910
521 946
522 9
522 10
522 11
522 24
522 25
522 37
522 49
522 71
522 72
522 83
522 109
522 138
522 141
522 171
522 184
522 192
522 196
522 202
522 315
522 324
522 402
522 405
522 507
522 639
522 749
522 773
522 867
522 957
522 1133
522 1134
523 1
523 2
523 21
523 28
524 15
524 25
524 53
524 83
524 138
524 183
524 201
524 1135
524 1136
525 15
525 16
525 24
525 25
525 47
525 48
525 112
525 115
525 179
525 183
525 184
525 186
525 188
525 234
525 235
525 310
525 341
525 343
525 346
525 354
525 359
525 363
525 377
525 483
525 617
525 668
525 752
525 786
525 820
525 823
525 1137
525 1138
526 24
526 25
526 41
526 43
526 66
526 69
526 91
526 102
526 177
527 27
527 57
527 80
527 318
527 342
527 404
527 496
527 515
527 596
527 649
527 665
527 754
527 1074
527 1139
527 1140
527 1141
527 1142
528 5
528 27
528 45
528 46
528 69
528 88
528 109
528 111
528 124
528 184
528 320
528 341
528 356
528 359
528 393
528 404
528 438
528 456
528 506
528 660
528 675
528 680
528 739
528 891
528 938
528 980
528 1135
528 1136
528 1137
528 1143
528 1144
528 1145
528 1146
528 1147
529 0
529 1
529 2
529 29
529 227
529 228
529 241
529 306
530 27
530 41
530 43
530 66
531 27
531 850
531 1117
532 41
532 43
532 59
532 66
532 87
532 101
532 103
532 235
532 323
532 402
532 411
532 429
532 539
532 751
532 976
532 1036
533 2
533 29
533 229
533 280
533 285
533 305
533 446
534 24
534 27
534 77
534 83
534 109
534 138
534 152
534 199
534 200
534 201
534 238
534 402
534 543
534 1136
535 25
535 27
535 46
535 109
535 124
535 130
535 214
535 430
535 449
535 676
535 744
535 1038
535 1144
536 25
536 26
536 57
536 61
536 76
536 83
536 102
536 115
536 136
536 151
536 169
536 184
536 190
536 201
536 255
536 257
536 258
536 259
536 269
536 275
536 336
536 382
536 402
536 413
536 494
536 586
536 644
536 652
536 709
536 777
536 981
536 1148
536 1149
536 1150
536 1151
536 1152
536 1153
536 1154
537 221
537 224
537 523
537 621
537 659
537 795
538 11
538 24
538 27
538 41
538 54
538 66
538 69
538 103
538 109
538 118
538 190
538 279
538 329
538 348
538 394
538 411
538 539
538 641
538 932
539 16
539 23
539 25
539 87
539 98
539 109
539 124
539 128
539 193
539 213
539 248
539 1155
540 22
540 54
540 57
540 89
540 98
540 184
540 341
540 451
540 534
540 945
541 24
541 25
541 52
541 302
541 511
541 699
541 911
541 1156
542 0
542 1
542 2
542 19
542 21
542 48
542 227
542 228
542 233
542 1157
543 24
543 25
543 27
543 41
543 44
543 47
543 59
543 66
543 71
543 73
543 91
543 112
543 121
543 126
543 149
543 169
543 179
543 235
543 271
543 354
543 429
543 444
543 445
543 518
543 536
543 723
543 1158
544 47
544 112
544 113
544 130
544 155
544 402
545 16
545 53
545 55
545 115
545 392
545 546
546 1
546 2
546 19
546 29
546 242
546 280
546 285
546 446
546 640
547 18
547 27
547 41
547 52
547 66
547 92
547 101
547 102
547 103
547 430
547 444
547 445
547 504
547 511
547 522
547 998
548 18
548 27
548 41
548 52
548 63
548 70
548 73
548 98
548 112
548 133
548 256
548 313
548 314
548 332
548 438
548 660
548 713
548 723
548 800
548 904
548 1159
548 1160
548 1161
548 1162
549 115
549 120
549 136
549 149
549 403
549 599
549 1007
549 1027
549 1163
550 41
550 44
550 53
550 69
550 94
550 136
550 163
550 169
550 182
550 275
550 1164
551 18
551 595
552 222
552 427
552 528
552 529
552 629
552 712
552 1165
552 1166
553 0
553 1
553 2
553 20
553 29
553 230
553 241
553 242
553 244
553 281
553 282
553 283
553 285
553 286
553 289
553 441
553 718
553 864
553 1054
553 1167
553 1168
554 16
554 24
554 35
554 41
554 48
554 236
554 260
554 354
554 394
555 25
555 26
555 180
555 183
555 197
555 348
555 484
555 628
555 676
555 782
555 929
556 1
556 21
556 28
556 29
556 53
556 98
556 230
556 241
556 242
556 282
556 285
556 286
556 289
556 290
556 291
556 441
556 965
556 1021
556 1122
556 1169
557 24
557 41
557 43
557 52
557 66
557 87
557 98
557 169
557 235
557 477
558 27
558 41
558 43
558 46
558 69
558 88
558 101
558 158
558 888
559 3
559 4
559 24
559 41
559 57
559 1170
559 1171
560 1
560 2
560 28
560 29
560 228
560 241
560 446
561 27
561 109
561 120
561 136
561 483
561 627
561 680
562 2
562 28
562 29
562 31
562 201
562 241
562 285
562 450
562 640
562 1144
562 1172
562 1173
562 1174
563 16
563 46
563 52
563 69
563 98
563 117
563 508
563 592
563 873
564 18
564 24
564 25
564 52
564 67
564 69
564 71
564 81
564 87
564 96
564 108
564 109
564 116
564 117
564 121
564 136
564 169
564 189
564 190
564 235
564 274
564 275
564 279
564 310
564 321
564 342
564 349
564 402
564 405
564 424
564 451
564 481
564 507
564 527
564 560
564 646
564 663
564 724
564 751
564 897
564 900
564 1125
564 1130
564 1175
564 1176
564 1177
564 1178
564 1179
564 1180
565 27
565 221
565 505
565 657
566 57
566 595
567 24
567 472
567 538
567 602
567 725
567 830
567 1027
567 1177
567 1181
567 1182
568 27
568 41
568 44
568 269
569 24
569 25
569 27
569 41
569 42
569 52
569 69
569 92
569 101
569 121
569 131
569 136
569 182
569 279
569 424
569 518
569 560
569 592
569 692
569 780
569 895
569 1183
570 16
570 57
570 120
570 201
570 402
570 951
570 1184
571 27
571 41
571 52
571 91
571 126
571 165
571 183
571 319
571 511
571 613
571 789
571 1110
571 1185
571 1186
572 6
572 14
572 24
572 27
572 41
572 43
572 46
572 52
572 66
572 69
572 70
572 77
572 83
572 92
572 101
572 112
572 117
572 128
572 131
572 161
572 235
572 279
572 313
572 402
572 411
572 469
572 587
572 704
572 754
572 756
572 1187
572 1188
572 1189
573 1190
573 1191
574 132
574 584
574 1112
574 1192
575 24
575 27
575 41
575 43
575 44
575 66
575 77
575 138
575 236
575 411
575 423
575 450
575 642
575 681
575 837
576 184
576 223
576 606
576 829
576 1007
576 1193
577 0
577 2
577 24
577 48
577 53
577 229
577 244
577 245
577 441
577 967
577 1049
577 1194
578 16
578 25
578 77
578 83
578 109
578 128
578 130
578 138
578 184
578 186
578 201
578 277
578 421
578 459
578 1195
578 1196
579 1
579 2
579 28
579 401
580 11
580 24
580 25
580 35
580 36
580 37
580 49
580 69
580 77
580 80
580 81
580 83
580 85
580 123
580 128
580 138
580 184
580 202
580 279
580 394
580 402
580 781
580 996
580 1197
581 41
581 48
581 66
581 114
581 120
581 279
581 394
582 7
582 8
582 16
582 24
582 41
582 48
582 52
582 63
582 86
582 87
582 98
582 101
582 120
582 155
582 169
582 183
582 184
582 193
582 210
582 220
582 221
582 235
582 311
582 313
582 314
582 332
582 356
582 372
582 378
582 411
582 419
582 427
582 456
582 699
582 712
582 755
582 763
582 836
582 895
582 1018
582 1080
582 1154
582 1198
582 1199
582 1200
582 1201
582 1202
583 27
583 503
584 49
584 79
584 98
584 133
584 157
584 184
584 186
584 215
584 238
584 256
584 277
584 382
584 506
584 581
584 651
584 685
584 727
584 752
584 768
584 782
584 920
584 979
584 1007
584 1027
584 1091
584 1131
584 1203
585 26
585 77
585 138
585 149
585 199
585 201
585 802
585 1204
586 27
586 90
586 128
586 136
586 141
586 169
586 184
586 208
586 235
586 329
586 337
586 342
586 409
586 411
586 494
586 595
586 618
586 638
586 650
586 671
586 742
586 760
586 1205
587 24
587 27
587 66
587 69
587 91
587 98
587 212
587 402
587 432
587 821
588 16
588 27
588 50
588 87
588 303
588 408
588 595
588 751
588 820
588 1065
588 1206
589 473
589 474
589 528
589 855
589 1163
589 1207
589 1208
590 221
591 8
591 16
591 43
591 46
591 57
591 59
591 69
591 83
591 120
591 128
591 136
591 140
591 150
591 162
591 173
591 174
591 183
591 201
591 207
591 219
591 256
591 293
591 309
591 376
591 394
591 417
591 418
591 419
591 469
591 483
591 488
591 547
591 562
591 564
591 636
591 639
591 754
591 782
591 998
591 1209
591 1210
591 1211
591 1212
592 336
592 347
592 461
592 473
592 855
592 991
592 1213
592 1214
592 1215
593 0
593 1
593 2
593 29
593 30
593 241
593 401
593 908
593 946
593 1172
594 0
594 1
594 2
594 19
594 20
595 27
595 41
595 42
595 52
595 459
596 25
596 103
596 169
596 205
596 310
596 450
596 608
596 1216
597 27
597 303
597 595
598 27
598 41
598 43
598 52
598 92
598 130
598 131
598 133
598 139
598 158
598 248
598 307
598 484
598 496
598 872
599 24
599 25
599 26
599 47
599 109
599 128
599 145
599 184
599 260
599 376
599 539
599 641
599 733
599 771
599 837
599 894
599 1217
600 27
600 41
600 43
600 87
601 40
601 41
601 87
601 158
601 248
601 396
602 24
602 40
602 41
602 52
602 95
602 97
602 126
602 279
602 481
603 27
603 43
603 63
603 140
603 211
603 800
603 895
603 1064
603 1211
604 24
604 36
604 41
604 47
604 66
604 83
604 91
604 128
604 138
604 394
605 27
605 454
605 474
605 765
605 981
605 1218
606 22
606 27
606 44
606 402
606 409
607 22
607 27
607 44
607 156
607 622
607 781
607 884
608 23
608 24
608 25
608 27
608 41
608 43
608 73
608 83
608 103
608 108
608 138
608 173
608 184
608 410
608 449
608 469
608 586
608 1219
609 0
609 1
609 2
610 2
610 29
610 30
610 241
610 242
610 280
610 285
610 286
610 718
611 16
611 32
611 79
611 109
611 111
611 130
611 132
611 138
611 184
611 186
611 192
611 202
611 204
611 214
611 404
611 703
611 871
611 1220
612 24
612 43
612 69
612 108
612 109
612 151
612 293
612 310
612 354
612 415
612 453
612 556
612 680
612 1221
612 1222
612 1223
613 16
613 24
613 27
613 41
613 43
613 44
613 52
613 53
613 59
613 94
613 101
613 112
613 161
613 246
613 260
613 518
613 759
614 37
614 40
614 41
614 44
614 69
614 80
614 92
614 117
614 120
614 123
614 128
614 274
614 851
614 931
614 1224
615 16
615 18
615 26
615 27
615 41
615 48
615 52
615 57
615 66
615 101
615 165
615 190
615 225
615 350
615 354
615 402
615 405
615 726
616 24
616 27
616 41
616 42
616 44
616 212
616 430
616 560
616 1225
617 11
617 13
617 25
617 59
617 109
617 120
617 151
617 359
617 431
617 494
617 502
617 560
617 580
617 622
617 733
617 747
617 758
617 1155
617 1226
617 1227
617 1228
617 1229
617 1230
617 1231
618 27
618 41
618 44
618 54
618 91
618 98
618 394
619 6
619 24
619 27
619 41
619 43
619 69
619 70
619 73
619 86
619 94
619 98
619 103
619 112
619 127
619 279
620 14
620 27
620 35
620 41
620 44
620 69
620 70
620 95
620 160
620 363
620 450
620 781
620 1227
620 1232
621 27
621 80
621 106
621 111
621 128
621 138
621 140
621 141
621 192
621 203
621 371
621 776
621 781
621 782
621 973
621 1233
622 24
622 41
622 69
622 112
622 184
622 193
622 279
622 310
622 781
623 196
623 222
623 271
623 323
623 402
623 477
623 763
623 1234
624 1
624 2
624 29
624 230
624 280
624 285
624 304
624 400
624 640
625 27
625 35
625 41
625 42
625 52
625 59
625 69
625 98
625 114
625 126
625 362
625 438
625 805
625 806
626 0
626 2
626 29
626 241
626 285
626 304
626 305
627 0
627 1
627 2
628 0
628 1
628 2
628 19
628 29
628 228
628 446
629 5
629 24
629 69
629 92
629 94
629 101
629 117
629 132
629 146
629 212
629 235
629 354
629 359
629 456
629 518
629 671
629 931
629 966
629 1180
629 1235
629 1236
629 1237
630 27
630 57
630 74
630 163
630 184
630 1238
631 2
631 29
631 230
631 241
631 242
631 280
631 285
631 305
631 446
631 1157
632 1
632 2
632 28
633 25
633 27
633 38
633 44
633 48
633 52
633 69
633 77
633 83
633 92
633 103
633 113
633 117
633 131
633 136
633 138
633 189
633 193
633 274
633 309
633 394
633 402
633 422
633 451
633 468
633 543
633 642
633 787
633 872
633 1199
633 1239
634 24
634 27
634 69
634 103
634 109
634 125
634 130
634 150
634 165
634 402
634 421
634 466
634 957
634 976
634 1145
634 1240
635 25
635 27
635 66
635 74
635 98
635 136
635 182
635 687
635 688
635 720
636 27
636 44
636 86
636 101
636 103
636 136
636 720
636 1208
636 1241
637 24
637 57
637 69
637 156
637 184
637 187
637 213
637 1006
637 1242
638 87
638 136
638 152
638 182
638 187
638 235
638 251
638 310
638 404
638 720
638 751
638 1243
639 7
639 8
639 9
639 10
639 15
639 24
639 25
639 46
639 59
639 69
639 83
639 87
639 103
639 183
639 184
639 201
639 216
639 234
639 329
639 354
639 376
639 404
639 422
639 424
639 426
639 516
639 541
639 608
639 655
639 1183
639 1244
639 1245
640 1
640 2
640 28
640 227
640 228
640 233
641 8
641 59
641 63
641 115
641 444
641 445
641 805
641 806
641 1109
641 1132
641 1246
642 69
642 488
642 701
642 1247
643 37
643 87
643 309
643 537
643 687
643 688
643 1248
643 1249
644 27
644 41
644 42
644 43
644 52
644 101
645 7
645 11
645 12
645 13
645 16
645 24
645 25
645 41
645 54
645 59
645 66
645 86
645 94
645 98
645 101
645 146
645 279
645 315
645 354
645 359
645 411
645 445
645 540
645 610
645 641
645 668
645 803
645 819
645 837
645 903
645 911
645 1062
645 1080
646 7
646 9
646 79
646 169
646 220
646 235
646 277
646 376
646 444
646 445
646 805
646 806
646 1250
646 1251
646 1252
646 1253
647 11
647 24
647 128
647 136
647 163
647 543
647 587
647 678
647 1254
648 88
648 103
648 136
648 184
648 213
648 279
648 350
648 665
648 720
648 781
648 1030
649 24
649 26
649 87
649 172
649 424
649 458
649 573
649 677
649 985
650 13
650 15
650 25
650 27
650 37
650 52
650 128
650 139
650 169
650 184
650 201
650 234
650 277
650 303
650 310
650 342
650 371
650 392
650 451
650 455
650 523
650 534
650 622
650 781
650 843
650 1255
650 1256
651 389
651 528
651 578
651 602
651 779
651 819
651 830
651 1027
651 1163
651 1257
652 16
652 23
652 24
652 25
652 26
652 27
652 41
652 54
652 66
652 69
652 77
652 80
652 83
652 103
652 109
652 112
652 125
652 178
652 179
652 183
652 189
652 219
652 293
652 300
652 309
652 402
652 421
652 424
652 434
652 514
652 543
652 590
652 592
652 665
652 724
652 737
652 861
652 1235
652 1258
652 1259
653 53
653 57
653 63
653 109
653 130
653 488
653 573
653 1060
653 1260
654 224
654 897
654 1261
654 1262
654 1263
655 27
655 35
655 54
655 98
655 115
655 119
655 278
655 1264
656 24
656 41
656 43
656 69
656 138
656 176
656 189
657 16
657 18
657 27
657 44
657 69
657 261
657 279
657 658
658 27
658 115
658 177
659 27
659 665
660 23
660 24
660 41
660 44
660 46
660 98
660 176
660 453
660 1032
661 11
661 16
661 24
661 25
661 41
661 43
661 52
661 57
661 66
661 71
661 92
661 131
661 183
661 184
661 323
661 360
661 383
661 431
661 455
661 504
661 933
661 1250
661 1265
662 27
662 44
662 69
662 91
662 882
663 24
663 27
663 44
663 69
663 102
663 201
663 542
664 24
664 27
664 41
664 47
664 70
664 260
664 394
664 438
665 11
665 44
665 87
665 315
665 641
665 773
665 806
665 1062
665 1157
666 24
666 27
666 41
666 279
666 477
666 481
666 745
666 820
666 1170
666 1225
667 24
667 27
667 52
667 109
667 128
667 586
667 639
667 707
667 1012
667 1109
668 23
668 27
668 49
668 74
668 103
668 187
668 272
668 363
669 27
669 63
669 73
669 87
669 91
669 1266
670 24
670 41
670 42
670 43
670 69
670 94
670 128
670 186
670 279
670 411
670 412
670 517
670 888
670 894
670 1080
671 7
671 24
671 25
671 43
671 47
671 69
671 196
671 439
671 787
672 11
672 16
672 24
672 25
672 41
672 44
672 63
672 69
672 77
672 81
672 83
672 101
672 109
672 115
672 121
672 138
672 236
672 341
672 402
672 655
672 800
672 879
672 1267
673 24
673 41
673 69
673 98
673 108
673 109
673 402
674 27
674 41
674 42
674 44
674 132
674 496
675 16
675 23
675 24
675 41
675 69
675 155
675 309
675 402
675 496
675 722
675 942
675 1170
675 1186
676 8
676 10
676 14
676 15
676 25
676 41
676 43
676 46
676 94
676 111
676 136
676 173
676 174
676 183
676 193
676 219
676 260
676 324
676 411
676 426
676 483
676 496
676 562
676 680
676 711
676 817
676 1004
676 1244
676 1268
677 24
677 46
677 87
677 112
677 236
677 294
677 354
677 506
677 1146
678 16
678 57
678 69
678 120
678 173
678 221
678 222
678 951
678 1209
679 27
679 41
679 42
679 43
679 44
679 91
679 112
679 120
679 184
680 27
680 70
680 133
680 185
680 500
680 720
680 931
680 1269
680 1270
681 3
681 27
681 279
682 23
682 25
682 27
682 35
682 36
682 41
682 43
682 47
682 52
682 69
682 86
682 176
682 184
682 235
682 341
682 390
682 402
682 668
683 11
683 24
683 25
683 27
683 41
683 43
683 47
683 70
683 97
683 100
683 120
683 126
683 150
683 184
683 359
683 429
684 41
684 262
684 538
684 602
684 604
684 659
684 830
684 866
684 1271
685 16
685 23
685 24
685 25
685 43
685 44
685 66
685 69
685 184
685 213
685 402
685 1272
686 27
686 43
686 52
686 95
686 272
686 595
686 1273
686 1274
687 27
687 69
687 157
687 224
687 262
687 402
687 537
687 578
687 829
687 854
687 1275
688 269
688 458
688 703
