0 0
1 1
1 2
1 3
1 4
1 5
1 6
1 7
1 8
1 9
1 10
1 11
1 12
1 13
1 14
1 15
1 16
1 17
1 18
1 19
2 6
2 9
2 10
2 11
2 12
2 15
2 16
2 17
2 18
2 20
2 21
2 22
2 23
2 24
2 25
2 26
2 27
2 28
2 29
2 30
3 0
3 31
4 4
4 5
4 12
4 16
4 18
4 21
4 26
4 32
4 33
4 34
4 35
4 36
5 0
5 31
6 4
6 5
6 9
6 10
6 11
6 12
6 15
6 16
6 18
6 28
6 29
6 31
6 33
6 34
6 37
6 38
6 39
6 40
7 0
7 1
7 10
7 12
7 16
7 18
7 21
7 25
7 26
7 27
7 29
7 33
7 34
7 36
7 38
7 41
7 42
7 43
7 44
7 45
8 4
8 9
8 11
8 12
8 16
8 21
8 24
8 26
8 28
8 33
8 34
8 36
8 42
8 46
8 47
8 48
8 49
8 50
8 51
8 52
8 53
9 1
9 4
9 9
9 11
9 12
9 15
9 16
9 18
9 21
9 24
9 26
9 28
9 33
9 34
9 35
9 36
9 39
9 49
9 50
10 5
10 9
10 18
10 33
10 38
10 39
10 42
10 46
10 51
10 54
11 4
11 9
11 11
11 12
11 16
11 18
11 21
11 24
11 26
11 28
11 33
11 34
11 36
11 42
11 46
11 48
11 50
11 52
11 53
11 55
11 56
12 1
12 4
12 8
12 9
12 10
12 11
12 12
12 13
12 15
12 16
12 18
12 21
12 24
12 26
12 28
12 32
12 33
12 34
12 35
12 39
12 41
12 43
12 46
12 47
12 48
12 51
12 57
12 58
12 59
12 60
12 61
12 62
12 63
13 1
13 4
13 5
13 8
13 9
13 10
13 11
13 12
13 15
13 16
13 18
13 21
13 22
13 24
13 26
13 33
13 34
13 35
13 36
13 38
13 46
13 47
13 50
13 60
13 61
14 4
14 9
14 10
14 11
14 12
14 18
14 21
14 33
14 42
14 46
14 47
14 59
15 1
15 4
15 9
15 10
15 11
15 12
15 16
15 18
15 21
15 24
15 26
15 29
15 33
15 35
15 46
15 47
15 48
15 51
16 4
16 8
16 9
16 10
16 11
16 21
16 24
16 33
16 41
16 46
16 47
16 48
16 53
16 60
16 64
16 65
16 66
17 0
17 31
18 1
18 4
18 9
18 11
18 12
18 16
18 18
18 21
18 24
18 25
18 26
18 28
18 29
18 33
18 34
18 35
18 36
18 46
18 47
18 50
18 51
18 52
18 67
19 5
19 7
19 9
19 10
19 11
19 12
19 16
19 18
19 26
19 32
19 33
19 35
19 42
20 4
20 8
20 9
20 10
20 16
20 21
20 23
20 24
20 28
20 33
20 34
20 37
20 46
20 47
20 48
20 59
20 60
20 61
20 66
21 1
21 4
21 8
21 9
21 10
21 11
21 12
21 15
21 16
21 18
21 21
21 24
21 25
21 26
21 27
21 28
21 33
21 35
21 36
21 45
21 46
21 47
21 48
21 50
21 52
21 60
21 61
21 66
21 68
21 69
22 1
22 4
22 6
22 9
22 10
22 11
22 12
22 15
22 16
22 18
22 21
22 22
22 23
22 24
22 25
22 26
22 27
22 28
22 31
22 32
22 33
22 34
22 35
22 36
22 37
22 38
22 39
22 42
22 45
22 46
22 47
22 48
22 49
22 50
22 53
22 54
22 61
22 66
22 68
22 70
22 71
22 72
22 73
23 7
23 9
23 10
23 11
23 12
23 18
23 21
23 24
23 25
23 28
23 29
23 32
23 33
23 39
23 42
23 45
23 46
23 47
23 48
23 65
23 74
24 9
24 10
24 11
24 12
24 15
24 16
24 18
24 21
24 24
24 25
24 26
24 32
24 33
24 35
24 36
24 42
24 46
24 48
24 69
24 70
24 75
25 4
25 7
25 9
25 10
25 11
25 12
25 15
25 16
25 18
25 21
25 25
25 26
25 28
25 30
25 32
25 33
25 34
25 44
25 45
25 48
25 67
25 71
25 76
26 5
26 9
26 10
26 11
26 12
26 16
26 21
26 25
26 33
26 42
26 45
26 46
26 47
26 60
27 9
27 10
27 11
27 12
27 16
27 18
27 26
27 28
27 29
27 36
27 38
27 51
27 61
27 77
28 1
28 4
28 9
28 10
28 11
28 12
28 16
28 18
28 21
28 22
28 24
28 25
28 26
28 28
28 29
28 32
28 33
28 34
28 35
28 36
28 46
28 48
28 49
28 50
28 51
28 56
28 66
28 74
28 78
29 0
29 4
29 9
29 11
29 12
29 18
29 32
29 33
29 48
30 1
30 4
30 9
30 11
30 12
30 16
30 18
30 21
30 24
30 26
30 33
30 34
30 35
30 36
30 39
30 46
30 50
30 61
31 0
31 4
31 5
31 11
31 12
31 15
31 16
31 18
31 24
31 28
31 33
31 41
31 42
31 48
31 53
31 64
31 71
31 79
31 80
32 10
32 12
32 21
32 29
32 33
32 42
32 46
32 47
33 0
33 31
34 8
34 9
34 10
34 11
34 12
34 16
34 18
34 21
34 33
34 35
34 39
34 46
34 47
34 52
34 59
35 4
35 5
35 11
35 12
35 18
35 21
35 28
35 33
35 34
35 37
35 42
35 46
36 8
36 9
36 10
36 11
36 12
36 16
36 18
36 21
36 27
36 32
36 33
36 38
36 39
36 46
36 47
36 76
37 1
37 4
37 6
37 9
37 10
37 11
37 12
37 13
37 14
37 15
37 16
37 17
37 18
37 19
37 25
37 26
37 28
37 29
37 32
37 33
37 35
37 37
37 39
37 40
37 42
37 44
37 48
37 51
37 61
37 63
37 64
37 65
37 68
37 81
37 82
37 83
37 84
37 85
37 86
37 87
38 0
38 1
38 3
38 4
38 9
38 10
38 11
38 12
38 13
38 16
38 18
38 26
38 31
38 32
38 33
38 35
38 48
38 53
38 60
38 73
39 10
39 24
39 36
39 38
39 39
39 46
40 0
40 4
40 9
40 11
40 12
40 16
40 18
40 24
40 28
40 29
40 31
40 32
40 33
40 38
40 41
40 48
40 49
40 51
40 53
40 71
40 76
40 88
40 89
41 0
41 5
41 9
41 10
41 11
41 12
41 16
41 18
41 21
41 28
41 34
41 38
41 39
41 42
41 48
41 51
42 0
43 12
43 16
43 18
43 34
43 48
44 2
44 3
44 4
44 7
44 10
44 11
44 12
44 15
44 16
44 17
44 18
44 19
44 21
44 24
44 25
44 26
44 28
44 29
44 30
44 33
44 34
44 38
44 39
44 42
44 44
44 45
44 48
44 51
44 53
44 62
44 65
44 68
44 72
44 85
44 88
44 90
44 91
44 92
45 5
45 10
45 11
45 16
45 18
45 26
45 36
45 42
45 54
46 0
46 4
46 11
46 35
47 9
47 10
47 11
47 12
47 16
47 21
47 30
47 32
47 33
47 42
47 46
47 48
48 1
48 4
48 9
48 11
48 12
48 16
48 18
48 21
48 24
48 26
48 28
48 32
48 33
48 35
48 36
48 46
48 47
48 49
48 50
48 52
48 54
48 61
49 4
49 9
49 10
49 11
49 18
49 21
49 33
49 42
49 46
49 59
50 4
50 7
50 10
50 11
50 12
50 13
50 16
50 18
50 34
50 39
50 42
50 43
50 47
50 54
50 71
50 79
51 4
51 9
51 10
51 11
51 12
51 16
51 21
51 26
51 33
51 46
51 47
51 48
52 4
52 7
52 9
52 12
52 18
52 26
52 48
53 4
53 9
53 10
53 11
53 12
53 16
53 21
53 24
53 29
53 31
53 33
53 34
53 39
53 47
53 48
53 51
53 59
53 61
54 1
54 2
54 4
54 5
54 6
54 8
54 9
54 10
54 11
54 12
54 15
54 16
54 18
54 21
54 24
54 25
54 26
54 27
54 28
54 33
54 34
54 35
54 36
54 37
54 38
54 39
54 42
54 45
54 46
54 48
54 50
54 51
54 59
54 61
54 66
54 67
54 88
54 93
55 1
55 4
55 9
55 11
55 12
55 16
55 18
55 21
55 24
55 26
55 33
55 35
55 36
55 49
55 50
55 61
55 76
56 4
56 6
56 16
56 33
56 35
56 94
56 95
57 0
57 4
57 9
57 16
57 24
57 31
57 35
57 95
57 96
58 0
58 4
58 9
58 10
58 11
58 15
58 16
58 24
58 31
58 33
58 57
58 58
59 0
59 1
59 4
59 5
59 9
59 10
59 11
59 12
59 15
59 16
59 18
59 21
59 24
59 25
59 26
59 28
59 32
59 33
59 34
59 35
59 36
59 37
59 39
59 42
59 47
59 48
59 49
59 53
59 60
59 61
59 67
59 69
59 73
59 76
59 97
60 9
60 29
60 42
60 48
61 0
61 4
61 7
61 9
61 10
61 11
61 12
61 16
61 18
61 25
61 26
61 29
61 32
61 33
61 36
61 38
61 42
61 43
61 45
61 48
61 51
61 53
61 60
61 69
62 1
62 4
62 9
62 10
62 11
62 12
62 16
62 18
62 21
62 22
62 24
62 26
62 28
62 33
62 34
62 35
62 36
62 38
62 46
62 47
62 48
62 50
62 51
62 53
62 66
63 4
63 8
63 9
63 10
63 11
63 16
63 26
63 28
63 29
63 34
63 51
64 0
64 4
64 31
65 4
65 9
65 10
65 12
65 16
65 18
65 21
65 22
65 26
65 29
65 32
65 33
65 34
65 71
66 0
66 1
66 4
66 5
66 9
66 10
66 11
66 12
66 15
66 16
66 18
66 26
66 28
66 35
66 36
66 70
67 6
67 9
67 10
67 11
67 12
67 18
67 21
67 25
67 28
67 30
67 31
67 33
67 36
67 39
67 46
67 48
67 51
67 54
67 66
67 68
67 78
67 90
67 98
68 0
68 3
68 4
68 5
68 6
68 7
68 9
68 10
68 11
68 12
68 15
68 16
68 18
68 21
68 22
68 24
68 25
68 26
68 27
68 28
68 29
68 30
68 31
68 32
68 33
68 34
68 36
68 37
68 38
68 39
68 41
68 42
68 43
68 45
68 47
68 48
68 49
68 51
68 54
68 56
68 57
68 59
68 60
68 61
68 66
68 68
68 72
68 76
68 88
68 90
68 99
68 100
69 0
69 10
69 31
70 0
70 2
70 4
70 6
70 9
70 10
70 11
70 12
70 15
70 16
70 18
70 21
70 24
70 25
70 26
70 28
70 33
70 34
70 35
70 36
70 44
70 45
70 46
70 47
70 48
70 59
70 61
70 66
70 68
70 69
70 70
70 88
70 101
71 0
71 4
71 6
71 10
71 11
71 12
71 16
71 18
71 21
71 26
71 28
71 33
71 35
71 48
71 66
71 102
72 5
72 9
72 10
72 11
72 12
72 16
72 18
72 21
72 33
72 34
72 48
73 1
73 4
73 6
73 9
73 10
73 11
73 12
73 15
73 16
73 18
73 21
73 24
73 26
73 28
73 32
73 33
73 34
73 35
73 36
73 55
73 61
73 69
74 0
74 31
75 0
75 1
75 4
75 7
75 8
75 10
75 11
75 12
75 13
75 16
75 18
75 21
75 24
75 25
75 26
75 28
75 29
75 31
75 32
75 33
75 35
75 36
75 41
75 44
75 45
75 61
75 63
75 64
75 80
75 81
75 90
75 98
76 7
76 41
77 4
77 10
77 16
77 21
77 28
77 33
77 42
77 47
77 54
78 0
78 2
78 4
78 6
78 8
78 9
78 10
78 11
78 12
78 13
78 15
78 16
78 18
78 21
78 22
78 24
78 25
78 26
78 28
78 32
78 33
78 34
78 35
78 36
78 37
78 39
78 44
78 45
78 46
78 48
78 56
78 57
78 59
78 60
78 62
78 63
78 66
78 67
78 68
78 70
78 71
78 72
78 76
78 78
79 1
79 8
79 9
79 10
79 11
79 12
79 15
79 16
79 18
79 21
79 24
79 26
79 28
79 33
79 34
79 35
79 36
79 46
79 50
79 61
79 64
79 65
79 72
80 0
80 9
80 33
80 57
80 94
80 103
81 4
81 5
81 9
81 10
81 11
81 12
81 15
81 16
81 18
81 36
81 61
82 0
82 1
82 4
82 7
82 9
82 10
82 11
82 12
82 16
82 18
82 21
82 24
82 25
82 26
82 28
82 32
82 33
82 34
82 35
82 36
82 42
82 44
82 45
82 46
82 48
82 49
82 50
82 51
82 53
82 60
82 76
83 48
84 1
84 4
84 9
84 10
84 11
84 12
84 15
84 16
84 18
84 21
84 24
84 25
84 26
84 32
84 33
84 34
84 35
84 36
84 38
84 39
84 42
84 45
84 46
84 50
84 51
84 67
85 1
85 4
85 8
85 9
85 11
85 12
85 16
85 18
85 21
85 24
85 26
85 28
85 29
85 33
85 34
85 35
85 36
85 46
85 50
85 51
85 53
85 61
85 69
86 4
86 5
86 10
86 11
86 12
86 18
86 21
86 26
86 28
86 36
86 39
86 42
86 52
86 104
86 105
87 5
87 9
87 10
87 16
87 18
87 32
87 33
87 34
87 39
87 44
87 46
87 47
88 1
88 4
88 6
88 9
88 10
88 11
88 12
88 15
88 16
88 18
88 21
88 24
88 26
88 27
88 28
88 29
88 32
88 33
88 35
88 36
88 39
88 45
88 46
88 47
88 50
88 52
88 53
88 60
88 66
88 67
88 68
88 106
89 0
89 1
89 4
89 9
89 10
89 11
89 12
89 16
89 18
89 21
89 24
89 25
89 26
89 28
89 31
89 33
89 34
89 36
89 42
89 45
89 46
89 47
89 48
89 49
89 50
89 53
89 61
89 75
90 0
90 31
90 103
91 10
91 11
91 12
91 18
91 21
91 22
91 33
91 41
91 42
91 47
91 48
91 54
92 1
92 4
92 7
92 8
92 11
92 12
92 15
92 16
92 18
92 21
92 25
92 26
92 34
92 36
92 38
92 41
92 42
92 74
93 4
93 8
93 9
93 11
93 12
93 16
93 18
93 21
93 24
93 26
93 28
93 33
93 34
93 35
93 36
93 48
93 49
93 50
93 51
93 53
94 1
94 6
94 10
94 11
94 12
94 13
94 15
94 16
94 17
94 18
94 21
94 23
94 24
94 28
94 30
94 34
94 36
94 39
94 42
94 71
95 5
95 9
95 10
95 11
95 12
95 15
95 16
95 18
95 21
95 26
95 34
95 36
95 43
95 54
95 79
96 0
96 1
96 4
96 5
96 9
96 10
96 11
96 12
96 13
96 15
96 16
96 18
96 19
96 21
96 22
96 25
96 26
96 27
96 28
96 29
96 32
96 33
96 34
96 35
96 36
96 37
96 39
96 42
96 43
96 45
96 46
96 47
96 48
96 51
96 54
96 56
96 63
96 70
96 81
96 107
96 108
96 109
97 4
97 6
97 7
97 9
97 10
97 11
97 12
97 16
97 18
97 25
97 26
97 27
97 31
97 32
97 36
97 38
97 39
97 42
97 48
98 1
98 4
98 7
98 9
98 11
98 12
98 13
98 15
98 16
98 18
98 19
98 21
98 24
98 25
98 26
98 30
98 32
98 33
98 36
98 38
98 41
98 42
98 44
98 45
98 48
98 60
98 68
98 86
98 101
98 105
98 107
99 4
99 9
99 10
99 11
99 12
99 18
99 21
99 24
99 32
99 33
99 38
99 39
99 45
99 46
99 102
100 9
100 10
100 11
100 12
100 28
100 36
100 42
100 49
100 50
100 53
100 60
100 71
101 1
101 4
101 9
101 10
101 11
101 12
101 16
101 18
101 21
101 24
101 26
101 28
101 29
101 33
101 34
101 36
101 39
101 46
101 48
101 50
101 51
101 55
101 56
101 59
101 68
101 93
102 1
102 4
102 9
102 10
102 11
102 12
102 15
102 16
102 18
102 21
102 23
102 24
102 26
102 32
102 33
102 34
102 35
102 36
102 46
102 50
102 60
103 10
103 11
103 18
103 21
103 33
103 37
103 46
103 47
104 0
104 1
104 4
104 9
104 10
104 11
104 12
104 13
104 15
104 16
104 18
104 21
104 22
104 24
104 25
104 26
104 27
104 28
104 32
104 33
104 34
104 35
104 36
104 38
104 39
104 42
104 43
104 45
104 47
104 48
104 49
104 50
104 51
104 54
104 63
104 64
104 66
104 68
104 69
104 72
104 76
105 0
105 4
105 5
105 6
105 9
105 10
105 11
105 12
105 15
105 16
105 18
105 21
105 24
105 25
105 26
105 28
105 29
105 33
105 35
105 41
105 45
105 48
105 54
105 63
105 79
105 84
105 91
106 9
106 10
106 11
106 12
106 21
106 33
106 46
106 48
106 59
107 0
107 4
107 5
107 9
107 10
107 11
107 12
107 13
107 15
107 16
107 18
107 21
107 22
107 24
107 26
107 28
107 29
107 33
107 34
107 41
107 42
107 46
107 47
107 53
107 72
107 80
108 10
108 11
108 12
108 16
108 21
108 24
108 45
108 46
108 66
109 0
109 1
109 4
109 9
109 10
109 11
109 12
109 15
109 16
109 18
109 24
109 25
109 26
109 29
109 33
109 37
109 38
109 39
109 41
109 44
109 45
109 46
109 48
109 65
110 5
110 6
110 9
110 10
110 11
110 16
110 20
110 21
110 22
110 24
110 25
110 33
110 37
110 45
110 46
110 54
110 56
110 57
110 60
110 61
110 66
110 78
110 88
111 9
111 15
111 16
112 0
112 16
112 48
113 0
113 31
114 1
114 4
114 9
114 10
114 11
114 12
114 16
114 18
114 21
114 24
114 26
114 28
114 32
114 33
114 34
114 35
114 36
114 46
114 47
114 50
114 51
114 54
114 67
114 78
115 4
115 8
115 10
115 12
115 16
115 18
115 36
115 46
115 48
116 4
116 9
116 10
116 11
116 12
116 15
116 16
116 18
116 25
116 28
116 29
116 32
116 33
116 41
116 42
116 45
116 48
116 53
117 10
117 12
117 16
117 18
117 28
117 42
117 49
117 53
117 54
117 61
117 71
117 79
118 0
118 4
118 5
118 11
118 12
118 13
118 15
118 16
118 17
118 18
118 21
118 24
118 26
118 29
118 36
118 41
118 54
118 79
119 0
119 4
119 9
119 10
119 11
119 12
119 15
119 16
119 18
119 21
119 22
119 24
119 25
119 26
119 33
119 35
119 38
119 41
119 47
119 48
119 65
119 66
119 81
120 4
120 9
120 10
120 11
120 12
120 21
120 24
120 28
120 33
120 41
120 47
120 65
120 78
121 0
121 4
121 5
121 9
121 10
121 11
121 12
121 15
121 16
121 18
121 21
121 22
121 24
121 25
121 26
121 28
121 32
121 33
121 35
121 38
121 39
121 41
121 42
121 45
121 46
121 47
121 48
121 51
121 60
121 66
121 93
122 4
122 9
122 10
122 11
122 16
122 18
122 19
122 21
122 26
122 28
122 29
122 32
122 36
122 38
122 47
122 51
122 65
122 75
122 80
123 9
123 10
123 11
123 12
123 16
123 18
123 24
123 25
123 26
123 28
123 35
123 36
123 69
124 4
124 8
124 9
124 10
124 11
124 12
124 16
124 18
124 26
124 28
124 29
124 42
124 49
124 53
124 76
125 5
125 9
125 11
125 16
125 18
125 28
125 34
125 36
126 4
126 5
126 9
126 10
126 11
126 12
126 16
126 18
126 32
126 33
126 36
126 39
126 42
126 48
126 76
126 84
126 88
127 1
127 4
127 11
127 12
127 15
127 16
127 18
127 21
127 24
127 26
127 32
127 33
127 36
127 39
127 41
127 52
127 80
128 0
128 1
128 4
128 6
128 9
128 10
128 11
128 12
128 13
128 15
128 16
128 17
128 18
128 21
128 23
128 24
128 26
128 28
128 30
128 32
128 33
128 34
128 35
128 36
128 37
128 39
128 41
128 42
128 46
128 48
128 51
128 53
128 57
128 60
128 61
128 63
128 68
128 74
128 76
128 80
128 86
128 90
128 110
128 111
129 1
129 4
129 9
129 11
129 12
129 16
129 18
129 21
129 24
129 26
129 33
129 34
129 35
129 36
129 46
129 49
129 50
129 61
130 0
130 1
130 4
130 6
130 9
130 10
130 11
130 12
130 15
130 16
130 18
130 21
130 22
130 24
130 25
130 26
130 32
130 33
130 34
130 35
130 36
130 38
130 39
130 45
130 46
130 47
130 48
130 52
130 59
130 61
130 88
131 0
132 1
132 4
132 9
132 10
132 11
132 12
132 16
132 18
132 21
132 24
132 26
132 28
132 29
132 33
132 34
132 35
132 36
132 41
132 44
132 47
132 48
132 50
132 51
132 53
132 89
133 9
133 10
133 12
133 15
133 16
133 18
133 21
133 26
133 28
133 33
133 36
133 61
133 75
134 4
134 5
134 9
134 10
134 11
134 12
134 16
134 18
134 19
134 21
134 24
134 25
134 26
134 28
134 33
134 34
134 35
134 36
134 41
134 42
134 45
134 46
134 64
134 68
134 69
134 72
135 1
135 4
135 6
135 9
135 10
135 11
135 12
135 15
135 16
135 18
135 21
135 24
135 25
135 26
135 27
135 28
135 32
135 33
135 35
135 36
135 42
135 45
135 46
135 47
135 48
135 50
135 58
135 59
135 60
135 64
135 66
136 4
136 5
136 9
136 10
136 11
136 15
136 16
136 18
136 26
136 28
136 49
136 51
136 61
136 76
136 104
137 9
137 10
137 11
137 12
137 16
137 18
137 21
137 26
137 32
138 1
138 4
138 5
138 9
138 10
138 11
138 12
138 15
138 16
138 18
138 21
138 24
138 26
138 28
138 29
138 33
138 34
138 35
138 36
138 49
138 50
138 51
138 53
138 54
138 70
138 76
139 4
139 9
139 10
139 11
139 26
139 36
139 48
140 1
140 4
140 9
140 10
140 11
140 12
140 16
140 18
140 21
140 24
140 25
140 26
140 28
140 33
140 34
140 35
140 36
140 38
140 42
140 46
140 47
140 48
140 50
140 51
140 52
140 54
140 57
140 60
140 66
140 67
140 71
140 79
140 90
140 110
141 1
141 4
141 9
141 10
141 11
141 12
141 15
141 16
141 18
141 21
141 24
141 26
141 29
141 33
141 34
141 35
141 36
141 42
141 46
141 47
141 48
141 49
141 50
141 51
141 52
141 59
141 76
142 1
142 4
142 6
142 8
142 9
142 10
142 11
142 12
142 15
142 16
142 18
142 21
142 22
142 24
142 25
142 26
142 28
142 33
142 34
142 35
142 36
142 45
142 46
142 49
142 50
142 51
142 53
142 56
142 60
142 61
142 88
143 4
143 9
143 12
143 21
143 33
143 41
143 46
144 1
144 6
144 9
144 10
144 11
144 12
144 16
144 18
144 21
144 24
144 25
144 26
144 28
144 33
144 35
144 36
144 38
144 45
144 48
144 60
144 70
144 90
145 1
145 4
145 8
145 9
145 10
145 11
145 12
145 16
145 18
145 21
145 25
145 26
145 28
145 29
145 32
145 33
145 34
145 36
145 38
145 39
145 42
145 46
145 47
145 50
146 1
146 4
146 9
146 11
146 12
146 16
146 18
146 21
146 24
146 26
146 28
146 33
146 34
146 36
146 42
146 48
146 53
147 4
147 9
147 10
147 11
147 12
147 18
147 21
147 26
147 33
147 46
147 48
147 51
147 59
147 65
148 0
148 9
148 10
148 11
148 12
148 16
148 18
148 26
148 28
148 31
148 33
148 35
148 36
148 42
148 48
148 71
149 4
149 9
149 10
149 11
149 12
149 16
149 18
149 21
149 24
149 25
149 26
149 28
149 33
149 35
149 37
149 45
149 46
149 48
149 55
149 56
149 58
149 59
149 60
149 61
149 66
149 72
149 78
150 1
150 4
150 9
150 10
150 11
150 12
150 15
150 16
150 18
150 21
150 24
150 25
150 26
150 28
150 32
150 33
150 34
150 35
150 36
150 38
150 42
150 45
150 46
150 47
150 48
150 50
150 60
150 66
150 69
150 70
150 71
150 84
150 88
151 4
151 7
151 9
151 10
151 11
151 15
151 16
151 18
151 26
151 32
151 33
151 38
151 41
151 42
151 48
151 53
151 73
151 78
151 87
152 0
152 4
152 9
152 11
152 16
152 17
152 18
152 20
152 26
152 28
152 31
152 32
152 33
152 38
152 42
152 53
152 61
153 4
153 9
153 10
153 11
153 12
153 16
153 18
153 21
153 24
153 26
153 28
153 33
153 42
153 44
153 46
153 48
153 60
153 69
154 0
154 31
155 1
155 5
155 6
155 9
155 10
155 11
155 12
155 14
155 15
155 16
155 17
155 18
155 21
155 30
155 33
155 35
155 36
155 38
155 42
155 47
155 48
155 54
155 68
155 71
155 72
155 76
155 88
155 92
156 0
157 0
157 1
157 6
157 9
157 10
157 11
157 12
157 15
157 16
157 18
157 21
157 25
157 26
157 28
157 31
157 33
157 35
157 36
157 39
157 45
157 46
157 47
157 50
157 63
157 68
157 90
158 9
158 10
158 11
158 16
158 21
158 28
158 33
158 34
158 39
158 45
158 46
158 59
158 66
159 0
159 3
159 4
159 5
159 6
159 7
159 9
159 10
159 11
159 12
159 13
159 15
159 16
159 17
159 18
159 20
159 21
159 23
159 24
159 25
159 26
159 28
159 30
159 32
159 33
159 34
159 36
159 41
159 45
159 47
159 51
159 53
159 58
159 59
159 60
159 61
159 67
159 68
159 69
159 72
159 76
159 88
160 1
160 4
160 9
160 10
160 11
160 12
160 16
160 18
160 21
160 24
160 26
160 27
160 28
160 33
160 35
160 36
160 46
160 49
160 50
160 53
160 61
160 66
161 1
161 4
161 9
161 10
161 11
161 12
161 16
161 18
161 21
161 24
161 26
161 33
161 34
161 35
161 36
161 41
161 50
161 52
161 60
161 61
161 69
162 1
162 9
162 10
162 11
162 12
162 18
162 21
162 24
162 26
162 28
162 36
162 39
162 42
162 53
162 56
162 64
162 65
162 72
162 104
163 0
163 1
163 4
163 9
163 10
163 11
163 12
163 15
163 16
163 18
163 21
163 22
163 24
163 25
163 26
163 27
163 28
163 33
163 34
163 35
163 36
163 46
163 50
163 56
163 61
163 66
163 73
164 0
164 1
164 4
164 6
164 7
164 9
164 10
164 12
164 15
164 16
164 17
164 18
164 20
164 21
164 22
164 23
164 24
164 32
164 33
164 43
164 46
164 48
164 60
164 66
164 88
165 0
166 1
166 4
166 8
166 9
166 11
166 12
166 15
166 16
166 18
166 21
166 24
166 26
166 28
166 33
166 34
166 35
166 36
166 46
166 47
166 48
166 50
166 51
166 66
167 1
167 10
167 11
167 12
167 16
167 18
167 21
167 28
167 37
167 47
167 49
167 60
168 0
168 4
168 5
168 7
168 9
168 10
168 11
168 12
168 13
168 15
168 16
168 18
168 21
168 25
168 26
168 27
168 28
168 31
168 33
168 36
168 38
168 39
168 42
168 48
168 70
168 75
169 0
169 1
169 4
169 6
169 8
169 9
169 10
169 11
169 12
169 13
169 15
169 16
169 18
169 21
169 24
169 25
169 26
169 27
169 28
169 32
169 33
169 34
169 35
169 36
169 37
169 41
169 42
169 44
169 45
169 46
169 47
169 48
169 57
169 63
169 66
169 68
169 72
169 88
169 110
169 112
170 1
170 4
170 7
170 9
170 10
170 11
170 12
170 16
170 18
170 21
170 24
170 25
170 26
170 30
170 33
170 34
170 35
170 36
170 48
170 58
170 66
170 70
170 84
170 88
171 0
171 4
171 9
171 11
171 12
171 16
171 18
171 21
171 26
171 28
171 32
171 33
171 35
171 38
171 39
171 41
171 42
171 48
171 51
171 54
171 63
171 64
171 80
171 84
172 8
172 9
172 12
172 15
172 24
172 25
172 33
172 46
172 88
172 102
173 4
173 9
173 11
173 16
173 18
173 32
173 48
174 1
174 5
174 9
174 10
174 11
174 12
174 16
174 18
174 21
174 22
174 24
174 25
174 26
174 28
174 30
174 32
174 33
174 34
174 35
174 36
174 37
174 38
174 39
174 41
174 42
174 45
174 46
174 47
174 61
174 66
175 0
176 4
176 9
176 10
176 11
176 21
176 24
176 25
176 28
176 33
176 45
176 48
176 56
176 101
177 1
177 9
177 10
177 12
177 18
177 21
177 33
177 44
177 46
178 1
178 4
178 9
178 11
178 12
178 16
178 18
178 21
178 24
178 26
178 27
178 28
178 33
178 35
178 36
178 46
178 47
178 50
178 60
178 61
178 66
179 0
179 4
179 5
179 9
179 10
179 11
179 12
179 16
179 18
179 21
179 28
179 36
179 48
179 53
179 65
179 78
179 110
180 9
180 10
180 11
180 12
180 16
180 18
180 26
180 28
180 32
180 33
180 36
180 37
180 48
180 110
181 1
181 2
181 6
181 9
181 10
181 11
181 12
181 15
181 16
181 18
181 25
181 28
181 32
181 33
181 35
181 36
181 39
181 42
181 44
181 48
181 68
181 72
182 0
182 4
182 9
182 10
182 11
182 12
182 15
182 16
182 18
182 26
182 28
182 29
182 30
182 32
182 33
182 35
182 42
182 45
182 48
182 88
182 108
183 6
183 9
183 10
183 11
183 16
183 28
183 33
183 35
183 39
183 46
183 47
183 65
184 1
184 4
184 9
184 10
184 11
184 12
184 16
184 18
184 26
184 51
184 61
185 4
185 10
185 11
185 36
186 4
186 5
186 9
186 10
186 12
186 16
186 18
186 21
186 25
186 26
186 32
186 33
186 34
186 45
186 46
186 47
186 64
187 4
187 11
187 12
187 15
187 16
187 18
187 21
187 24
187 25
187 26
187 28
187 32
187 33
187 35
187 37
187 41
187 45
187 48
187 72
187 84
187 93
188 4
188 9
188 12
188 18
188 28
188 29
188 48
189 0
189 1
189 9
189 11
189 12
189 15
189 16
189 18
189 24
189 25
189 26
189 31
189 32
189 33
189 35
189 38
189 41
189 48
189 60
189 64
189 81
190 0
190 4
190 31
191 3
191 4
191 5
191 6
191 7
191 9
191 10
191 11
191 12
191 16
191 18
191 21
191 22
191 25
191 28
191 32
191 33
191 34
191 42
191 44
191 45
191 47
191 49
191 68
191 88
191 105
192 4
192 5
192 8
192 9
192 10
192 11
192 12
192 16
192 21
192 26
192 28
192 29
192 32
192 33
192 35
192 39
192 42
192 51
192 61
193 4
193 5
193 9
193 11
193 12
193 18
193 21
193 24
193 25
193 36
193 38
193 39
193 42
193 45
193 69
193 72
194 4
194 9
194 11
194 12
194 16
194 21
194 22
194 24
194 39
194 42
195 0
195 4
195 7
195 9
195 10
195 11
195 12
195 15
195 16
195 18
195 25
195 26
195 27
195 28
195 29
195 31
195 32
195 33
195 35
195 36
195 42
195 48
195 53
195 61
195 100
195 113
196 0
196 1
196 4
196 5
196 6
196 8
196 9
196 10
196 11
196 12
196 13
196 15
196 16
196 18
196 21
196 24
196 25
196 28
196 32
196 33
196 36
196 38
196 39
196 44
196 45
196 48
196 60
196 62
196 63
196 64
196 68
196 69
196 76
196 88
196 100
196 106
196 114
197 4
197 9
197 10
197 12
197 16
197 21
197 26
197 28
197 31
197 33
197 34
197 36
197 38
197 54
198 0
199 0
199 4
199 9
199 10
199 11
199 12
199 15
199 16
199 18
199 21
199 25
199 26
199 32
199 33
199 36
199 39
199 44
199 45
199 46
199 48
200 4
200 5
200 6
200 9
200 10
200 11
200 12
200 16
200 18
200 21
200 33
200 38
200 42
200 45
200 46
200 47
200 54
200 71
201 11
201 12
201 16
201 18
201 35
201 41
201 70
201 80
202 4
202 9
202 10
202 11
202 12
202 18
202 21
202 24
202 26
202 28
202 33
202 36
202 46
202 50
202 59
202 61
203 4
203 6
203 7
203 9
203 10
203 11
203 12
203 14
203 15
203 16
203 18
203 21
203 22
203 26
203 28
203 32
203 33
203 34
203 38
203 39
203 46
203 47
203 52
203 66
204 4
204 9
204 10
204 11
204 16
204 29
204 33
204 34
204 46
205 0
205 31
206 6
206 9
206 10
206 11
206 12
206 13
206 15
206 16
206 18
206 21
206 28
206 29
206 33
206 37
206 38
206 42
206 44
206 48
206 61
206 78
206 115
207 0
207 31
208 9
208 12
208 15
208 16
208 18
208 28
208 33
208 38
208 41
209 4
209 9
209 10
209 12
209 21
209 33
209 46
209 47
209 48
210 1
210 4
210 5
210 9
210 10
210 11
210 12
210 15
210 16
210 18
210 21
210 24
210 25
210 26
210 28
210 29
210 32
210 33
210 34
210 35
210 36
210 37
210 38
210 39
210 41
210 42
210 45
210 46
210 47
210 50
210 51
210 53
210 54
210 59
210 60
210 61
210 64
210 66
210 69
210 72
210 76
210 94
210 102
210 116
211 4
211 5
211 9
211 10
211 11
211 12
211 16
211 18
211 24
211 28
211 34
211 71
212 9
212 10
212 11
212 12
212 15
212 16
212 21
212 24
212 25
212 26
212 28
212 29
212 33
212 34
212 41
212 45
212 51
212 54
212 66
212 71
212 72
213 4
213 9
213 10
213 12
213 16
213 18
213 21
213 33
213 46
213 47
213 48
213 51
213 52
213 59
213 74
214 7
214 9
214 10
214 11
214 12
214 16
214 28
214 39
214 53
214 104
215 4
215 10
215 11
215 12
215 16
215 18
215 21
215 26
215 33
215 34
215 35
215 48
216 0
216 4
216 9
216 10
216 11
216 12
216 15
216 16
216 17
216 18
216 19
216 25
216 30
216 33
216 42
216 45
216 54
216 71
216 88
216 117
217 1
217 4
217 9
217 10
217 11
217 12
217 15
217 16
217 18
217 21
217 24
217 26
217 28
217 32
217 33
217 34
217 35
217 36
217 41
217 42
217 46
217 48
217 50
217 51
217 53
217 54
217 60
218 0
219 9
219 11
219 12
219 21
219 33
219 53
220 9
220 11
220 12
220 16
220 29
220 48
220 76
221 9
221 10
221 12
221 16
221 33
221 34
222 4
222 9
222 10
222 11
222 18
222 21
222 28
222 42
222 59
223 1
223 4
223 8
223 9
223 10
223 11
223 12
223 15
223 16
223 18
223 21
223 24
223 25
223 26
223 28
223 33
223 35
223 36
223 39
223 46
223 50
224 0
224 1
224 4
224 7
224 9
224 10
224 11
224 12
224 15
224 16
224 18
224 19
224 20
224 21
224 24
224 27
224 32
224 33
224 34
224 35
224 38
224 42
224 46
224 48
224 58
224 65
224 116
225 4
225 7
225 9
225 10
225 11
225 12
225 16
225 18
225 24
225 26
225 27
225 28
225 36
225 38
225 41
225 76
225 80
226 10
226 11
226 12
226 15
226 16
226 18
226 25
226 36
226 45
226 48
226 53
226 54
226 71
226 79
227 9
227 10
227 11
227 12
227 17
227 28
227 29
227 30
227 38
227 48
227 49
228 1
228 4
228 10
228 11
228 12
228 16
228 18
228 21
228 25
228 26
228 32
228 33
228 36
228 45
228 46
228 48
228 56
228 59
228 68
229 4
229 9
229 10
229 11
229 12
229 15
229 17
229 18
229 20
229 32
229 33
230 0
230 4
230 9
230 10
230 11
230 12
230 13
230 15
230 16
230 18
230 21
230 24
230 25
230 26
230 32
230 33
230 34
230 36
230 41
230 45
230 46
230 47
230 48
230 53
230 61
230 65
230 68
230 69
230 78
231 4
231 9
231 10
231 11
231 14
231 18
231 21
231 28
231 33
231 42
231 46
231 47
231 59
231 66
232 0
232 31
233 5
233 9
233 10
233 12
233 16
233 18
233 21
233 25
233 26
233 32
233 33
233 34
233 42
233 62
234 4
234 9
234 10
234 11
234 12
234 16
234 18
234 28
234 32
234 38
234 46
234 48
234 67
235 0
235 1
235 4
235 9
235 10
235 11
235 12
235 15
235 16
235 18
235 21
235 24
235 25
235 26
235 27
235 28
235 29
235 32
235 33
235 34
235 35
235 36
235 39
235 41
235 42
235 45
235 47
235 48
235 54
235 61
235 62
235 70
235 76
235 77
235 79
236 4
236 5
236 9
236 10
236 11
236 12
236 16
236 18
236 21
236 26
236 28
236 33
236 34
236 35
236 37
236 39
236 42
236 48
236 53
236 118
237 0
237 31
238 1
238 5
238 8
238 10
238 11
238 12
238 16
238 18
238 21
238 27
238 33
238 38
238 39
238 47
239 1
239 4
239 9
239 10
239 11
239 12
239 16
239 18
239 21
239 26
239 33
239 41
240 0
240 4
240 5
240 9
240 10
240 11
240 12
240 15
240 16
240 18
240 21
240 24
240 25
240 28
240 33
240 36
240 38
240 39
240 45
240 47
240 51
240 52
240 61
240 66
241 0
241 4
241 9
241 10
241 11
241 12
241 15
241 16
241 18
241 21
241 24
241 25
241 28
241 31
241 32
241 33
241 35
241 36
241 37
241 41
241 44
241 45
241 46
241 48
241 54
241 59
241 66
241 68
241 76
241 83
242 1
242 4
242 9
242 10
242 11
242 12
242 21
242 24
242 25
242 26
242 28
242 29
242 32
242 33
242 36
242 37
242 38
242 39
242 46
242 47
242 48
242 49
242 50
242 52
243 4
243 11
243 12
243 16
243 34
243 62
244 1
244 4
244 9
244 11
244 12
244 16
244 18
244 21
244 24
244 26
244 28
244 29
244 32
244 33
244 34
244 36
244 48
244 50
244 51
245 1
245 9
245 10
245 11
245 12
245 15
245 16
245 18
245 21
245 24
245 26
245 28
245 33
245 35
245 46
245 47
245 52
245 78
246 1
246 7
246 9
246 10
246 11
246 12
246 15
246 16
246 18
246 21
246 26
246 28
246 31
246 33
246 35
246 37
246 38
246 39
246 41
246 45
246 46
246 47
246 48
246 52
246 57
246 60
246 63
246 72
246 90
247 1
247 4
247 9
247 11
247 12
247 16
247 18
247 21
247 24
247 25
247 26
247 28
247 29
247 33
247 34
247 35
247 36
247 47
247 48
247 49
247 50
247 52
247 65
247 68
248 0
248 7
248 9
248 41
249 0
249 1
249 4
249 5
249 7
249 8
249 9
249 10
249 11
249 12
249 15
249 16
249 18
249 21
249 24
249 25
249 26
249 27
249 28
249 31
249 32
249 33
249 34
249 35
249 36
249 37
249 42
249 44
249 45
249 46
249 47
249 48
249 51
249 53
249 54
249 60
249 61
249 63
249 64
249 68
249 70
249 76
249 80
249 81
249 86
249 88
249 108
250 4
250 9
250 11
250 12
250 16
250 18
250 21
250 26
250 32
250 34
250 36
250 47
250 76
251 0
251 4
251 6
251 9
251 10
251 11
251 12
251 16
251 18
251 20
251 21
251 26
251 28
251 33
251 34
251 47
251 51
251 72
251 78
252 4
252 5
252 11
252 12
252 16
252 21
252 25
252 26
252 28
252 47
252 48
253 1
253 4
253 9
253 10
253 11
253 12
253 16
253 18
253 21
253 24
253 26
253 28
253 29
253 33
253 34
253 36
253 39
253 42
253 46
253 47
253 48
253 49
253 50
253 53
254 0
254 4
254 7
254 10
254 15
254 16
254 18
254 21
254 24
254 25
254 26
254 28
254 32
254 33
254 38
254 46
254 51
255 1
255 4
255 6
255 9
255 10
255 11
255 12
255 15
255 18
255 21
255 24
255 25
255 29
255 32
255 33
255 38
255 45
255 46
255 65
256 1
256 4
256 9
256 11
256 12
256 16
256 18
256 21
256 24
256 26
256 28
256 33
256 34
256 35
256 36
256 39
256 50
256 51
257 9
257 10
257 11
257 12
257 16
257 18
257 21
257 26
257 28
257 29
257 36
257 42
257 48
257 49
257 61
258 4
258 9
258 10
258 11
258 12
258 16
258 21
258 26
258 34
258 38
258 42
258 71
259 1
259 4
259 9
259 11
259 12
259 16
259 18
259 21
259 24
259 26
259 27
259 28
259 33
259 35
259 36
259 42
259 49
259 50
259 53
259 60
259 61
259 66
260 4
260 9
260 11
260 12
260 16
260 18
260 21
260 26
260 33
260 41
260 48
260 58
260 74
260 76
261 1
261 4
261 9
261 11
261 12
261 16
261 18
261 21
261 24
261 26
261 28
261 33
261 34
261 36
261 39
261 46
261 47
261 48
261 50
261 51
261 53
261 59
261 67
261 76
261 102
262 9
262 10
262 16
262 33
262 46
262 48
262 52
263 1
263 4
263 9
263 10
263 11
263 12
263 15
263 16
263 18
263 20
263 21
263 24
263 26
263 27
263 28
263 32
263 33
263 35
263 36
263 42
263 44
263 46
263 47
263 48
263 50
263 51
263 58
263 60
263 61
263 66
263 73
264 0
264 1
264 4
264 8
264 9
264 10
264 11
264 12
264 15
264 16
264 18
264 21
264 24
264 25
264 26
264 28
264 32
264 33
264 39
264 41
264 42
264 46
264 53
264 56
264 58
264 64
264 65
264 66
264 90
265 1
265 5
265 9
265 10
265 11
265 12
265 15
265 16
265 18
265 21
265 22
265 26
265 32
265 33
265 34
265 37
265 38
265 42
265 46
265 47
265 51
265 54
265 90
265 98
265 102
266 4
266 5
266 8
266 11
266 12
266 18
266 26
266 27
266 32
266 33
266 38
266 39
266 42
266 51
267 1
267 4
267 9
267 10
267 11
267 12
267 16
267 18
267 21
267 26
267 28
267 29
267 33
267 34
267 36
267 38
267 42
267 50
267 51
267 53
267 56
268 1
268 8
268 9
268 10
268 11
268 12
268 16
268 18
268 21
268 24
268 26
268 32
268 33
268 41
268 46
268 47
268 48
268 52
268 65
269 0
269 1
269 4
269 6
269 9
269 10
269 11
269 12
269 15
269 16
269 18
269 21
269 26
269 32
269 33
269 35
269 38
269 39
269 41
269 46
269 59
269 60
269 66
269 90
270 1
270 8
270 9
270 10
270 11
270 12
270 15
270 16
270 18
270 21
270 24
270 26
270 32
270 33
270 34
270 35
270 42
270 46
270 48
270 50
270 51
270 55
271 0
271 1
271 3
271 4
271 5
271 6
271 7
271 8
271 9
271 10
271 11
271 12
271 13
271 15
271 16
271 18
271 21
271 22
271 24
271 28
271 32
271 33
271 34
271 38
271 39
271 42
271 43
271 48
271 53
271 62
271 71
272 7
272 9
272 10
272 11
272 12
272 15
272 16
272 18
272 26
272 28
272 33
272 36
272 42
272 100
273 4
273 9
273 10
273 11
273 21
273 28
273 33
273 46
273 47
274 4
274 5
274 6
274 9
274 10
274 11
274 12
274 13
274 15
274 16
274 18
274 19
274 24
274 26
274 28
274 29
274 31
274 32
274 33
274 35
274 37
274 39
274 42
274 47
274 48
274 49
274 59
274 62
274 63
274 68
274 78
274 90
274 118
274 119
274 120
275 0
275 4
275 35
275 41
276 18
276 41
277 0
277 1
277 4
277 9
277 10
277 11
277 12
277 14
277 15
277 16
277 18
277 21
277 25
277 26
277 27
277 32
277 33
277 34
277 35
277 36
277 41
277 42
277 44
277 48
277 60
277 63
277 70
277 72
277 86
278 0
278 4
278 5
278 8
278 9
278 10
278 11
278 12
278 15
278 16
278 18
278 24
278 26
278 28
278 29
278 31
278 32
278 33
278 34
278 35
278 37
278 38
278 39
278 42
278 45
278 47
278 48
278 50
278 51
278 54
278 57
278 59
278 60
278 61
278 66
278 71
278 72
278 73
278 79
278 84
278 88
278 93
278 104
278 108
279 0
279 1
279 4
279 7
279 8
279 9
279 10
279 12
279 15
279 16
279 18
279 19
279 21
279 24
279 25
279 26
279 28
279 29
279 33
279 35
279 41
279 42
279 48
279 61
279 69
279 80
279 90
280 0
280 4
280 5
280 8
280 9
280 10
280 11
280 18
280 21
280 24
280 25
280 28
280 33
280 45
280 46
280 51
280 59
280 60
280 76
281 1
281 4
281 9
281 11
281 12
281 13
281 15
281 16
281 18
281 21
281 24
281 25
281 26
281 28
281 32
281 33
281 34
281 35
281 36
281 38
281 45
281 46
281 47
281 50
281 60
281 61
281 68
282 7
282 10
282 11
282 12
282 16
282 18
282 21
282 23
282 24
282 25
282 33
282 36
282 38
282 45
282 47
282 51
282 68
282 78
283 2
283 10
283 11
283 12
283 16
283 21
283 24
283 33
283 46
283 47
283 59
283 66
283 76
284 4
284 5
284 9
284 10
284 11
284 12
284 16
284 18
284 21
284 25
284 26
284 29
284 32
284 34
284 36
285 7
285 11
285 12
285 16
285 18
285 26
285 35
286 4
286 9
286 10
286 11
286 12
286 16
286 18
286 21
286 24
286 26
286 28
286 33
286 34
286 36
286 46
286 48
286 50
286 51
286 69
287 0
287 1
287 4
287 7
287 8
287 9
287 10
287 11
287 12
287 14
287 15
287 16
287 18
287 21
287 24
287 25
287 26
287 27
287 28
287 30
287 32
287 33
287 34
287 35
287 36
287 38
287 39
287 48
287 51
287 54
287 60
287 63
287 64
287 69
287 72
287 76
287 84
287 86
287 100
287 121
287 122
288 2
288 4
288 9
288 10
288 11
288 12
288 25
288 33
288 45
288 48
288 51
288 60
288 72
289 1
289 3
289 4
289 5
289 6
289 7
289 9
289 10
289 11
289 12
289 15
289 16
289 17
289 18
289 31
289 35
289 36
289 42
289 48
289 61
289 68
289 70
289 85
289 88
290 0
290 4
290 9
290 10
290 11
290 12
290 16
290 18
290 21
290 24
290 25
290 31
290 33
290 39
290 42
290 45
290 48
290 54
290 59
290 60
290 62
290 63
290 64
290 65
290 68
290 69
290 71
290 76
290 123
291 0
291 1
291 4
291 9
291 10
291 11
291 12
291 15
291 16
291 18
291 21
291 22
291 24
291 25
291 26
291 28
291 29
291 30
291 32
291 33
291 34
291 35
291 36
291 37
291 41
291 46
291 47
291 50
291 51
291 52
291 53
291 59
291 69
291 72
291 76
292 2
292 3
292 4
292 6
292 9
292 10
292 11
292 12
292 16
292 18
292 21
292 26
292 29
292 33
292 36
292 51
292 57
292 60
292 61
292 72
293 1
293 4
293 9
293 10
293 11
293 12
293 16
293 18
293 21
293 24
293 26
293 28
293 29
293 32
293 33
293 34
293 35
293 36
293 38
293 41
293 46
293 50
293 51
293 53
293 59
293 67
294 1
294 4
294 9
294 10
294 11
294 12
294 16
294 18
294 21
294 24
294 26
294 28
294 29
294 33
294 34
294 36
294 42
294 46
294 48
294 49
294 50
294 52
294 53
294 54
294 56
295 0
295 9
295 10
295 15
295 24
295 27
295 31
295 33
295 35
296 10
296 11
296 15
296 16
296 18
296 26
296 33
296 35
296 48
297 0
297 1
297 4
297 5
297 6
297 8
297 9
297 10
297 11
297 12
297 13
297 15
297 16
297 18
297 21
297 22
297 25
297 26
297 28
297 29
297 33
297 34
297 35
297 36
297 38
297 39
297 41
297 42
297 45
297 47
297 48
297 49
297 53
297 54
297 61
297 68
297 71
297 98
298 0
298 1
298 4
298 10
298 11
298 12
298 13
298 16
298 18
298 21
298 24
298 25
298 26
298 28
298 29
298 32
298 33
298 35
298 36
298 42
298 48
298 67
298 69
298 70
299 4
299 9
299 10
299 11
299 12
299 18
299 21
299 26
299 61
300 0
300 9
300 10
300 11
300 12
300 18
300 26
300 28
300 29
300 36
300 61
301 4
301 6
301 10
301 16
301 18
301 19
301 28
301 29
301 33
301 36
301 38
301 41
301 63
302 0
302 1
302 4
302 5
302 6
302 8
302 9
302 10
302 11
302 12
302 13
302 15
302 16
302 17
302 18
302 21
302 23
302 24
302 26
302 29
302 30
302 32
302 33
302 34
302 35
302 36
302 38
302 39
302 42
302 43
302 44
302 48
302 69
302 86
303 1
303 4
303 9
303 11
303 12
303 15
303 16
303 18
303 21
303 24
303 26
303 28
303 32
303 33
303 34
303 35
303 36
303 46
303 49
303 50
303 56
303 67
303 78
303 104
304 9
304 10
304 12
304 16
304 18
304 21
304 33
304 34
304 46
304 47
304 71
305 0
305 4
305 9
305 10
305 11
305 12
305 13
305 15
305 16
305 18
305 21
305 24
305 25
305 26
305 27
305 28
305 32
305 33
305 36
305 37
305 45
305 48
305 59
306 0
307 0
307 1
307 6
307 8
307 9
307 10
307 11
307 12
307 13
307 15
307 16
307 17
307 18
307 20
307 21
307 23
307 24
307 25
307 26
307 27
307 28
307 29
307 30
307 32
307 33
307 35
307 36
307 39
307 42
307 48
307 54
307 60
307 61
307 63
307 68
307 76
307 79
307 95
308 0
308 9
308 10
308 11
308 12
308 16
308 18
308 25
308 33
308 35
308 37
308 44
308 45
308 60
308 90
309 4
309 9
309 10
309 11
309 12
309 15
309 16
309 18
309 26
309 33
309 46
309 59
309 61
309 71
310 0
310 1
310 4
310 9
310 10
310 11
310 12
310 13
310 16
310 18
310 21
310 24
310 25
310 26
310 28
310 29
310 31
310 33
310 34
310 35
310 36
310 38
310 41
310 42
310 45
310 48
310 50
310 51
310 53
310 54
310 66
310 67
310 69
310 79
310 84
310 90
311 0
311 5
311 9
311 12
311 18
311 26
311 33
311 36
312 0
312 4
312 31
313 4
313 9
313 10
313 11
313 12
313 16
313 18
313 21
313 25
313 28
313 33
313 45
313 60
313 74
313 78
314 4
314 10
314 11
314 28
314 42
314 48
314 118
315 0
315 4
315 31
315 95
316 4
316 5
316 9
316 11
316 12
316 16
316 18
316 25
316 26
316 28
316 32
316 33
316 35
316 37
316 44
316 45
316 48
316 53
316 60
316 65
316 73
317 4
317 9
317 10
317 11
317 12
317 15
317 16
317 18
317 24
317 26
317 28
317 33
317 36
317 42
317 48
317 51
317 54
317 79
317 84
317 90
318 0
318 4
318 19
319 1
319 4
319 9
319 11
319 12
319 16
319 18
319 21
319 24
319 26
319 28
319 29
319 33
319 34
319 36
319 48
319 51
320 1
320 10
320 11
320 12
320 16
320 18
320 21
320 24
320 25
320 33
320 34
320 35
320 36
320 42
320 45
320 47
320 48
320 49
320 55
321 1
321 4
321 9
321 10
321 11
321 12
321 16
321 18
321 21
321 24
321 26
321 28
321 32
321 33
321 35
321 46
321 48
321 66
322 0
322 4
322 7
322 94
323 9
323 11
323 12
323 15
323 21
323 32
323 41
323 42
324 0
324 9
324 31
324 95
325 6
325 9
325 10
325 12
325 13
325 15
325 16
325 17
325 18
325 23
325 24
325 25
325 28
325 30
325 33
325 36
325 68
326 0
326 7
326 9
326 10
326 11
326 41
327 1
327 4
327 5
327 9
327 11
327 12
327 15
327 16
327 18
327 21
327 24
327 25
327 26
327 27
327 28
327 33
327 35
327 36
327 45
327 46
327 49
327 50
327 52
327 62
327 66
328 1
328 9
328 11
328 12
328 16
328 18
328 21
328 24
328 26
328 33
328 34
328 35
328 36
328 46
328 49
328 50
328 60
328 61
329 4
329 9
329 10
329 11
329 18
329 21
329 25
329 32
329 33
329 46
329 68
330 1
330 4
330 8
330 9
330 11
330 12
330 15
330 16
330 18
330 21
330 24
330 26
330 33
330 34
330 35
330 36
330 38
330 42
330 46
330 47
330 50
330 52
330 102
331 12
331 16
331 18
331 34
331 37
332 4
332 7
332 9
332 10
332 11
332 12
332 16
332 21
332 24
332 32
332 33
332 35
332 36
332 46
332 51
332 56
332 64
332 66
333 4
333 6
333 9
333 10
333 12
333 16
333 18
333 25
333 32
333 33
333 36
333 42
333 45
333 48
333 68
333 114
334 4
334 7
334 8
334 10
334 11
334 12
334 16
334 18
334 24
334 26
334 33
334 35
334 41
334 46
334 54
334 66
335 5
335 11
335 12
335 28
335 39
335 53
336 1
336 4
336 9
336 11
336 12
336 16
336 18
336 21
336 24
336 26
336 28
336 33
336 34
336 36
336 38
336 42
336 44
336 46
336 48
336 49
336 50
336 51
336 53
336 54
337 9
337 10
337 11
337 12
337 15
337 16
337 18
337 21
337 24
337 26
337 28
337 29
337 33
337 34
337 36
337 42
337 43
337 46
337 54
337 72
337 77
338 4
338 6
338 9
338 10
338 11
338 12
338 16
338 24
338 25
338 44
338 45
338 51
338 60
338 68
338 76
338 88
339 0
339 1
339 4
339 6
339 9
339 10
339 11
339 12
339 15
339 16
339 18
339 21
339 22
339 24
339 25
339 26
339 30
339 32
339 33
339 34
339 35
339 36
339 37
339 48
339 61
339 66
339 70
339 72
339 84
339 86
339 110
340 4
340 8
340 9
340 10
340 11
340 12
340 13
340 15
340 16
340 18
340 21
340 24
340 25
340 28
340 32
340 33
340 34
340 41
340 45
340 47
341 4
341 6
341 10
341 11
341 12
341 15
341 16
341 18
341 24
341 25
341 28
341 30
341 32
341 33
341 45
341 48
341 51
341 61
341 88
342 0
342 4
342 31
343 1
343 5
343 9
343 11
343 12
343 15
343 16
343 18
343 22
343 24
343 25
343 26
343 27
343 28
343 33
343 34
343 35
343 36
343 45
343 47
343 48
343 50
343 53
343 55
343 63
343 66
343 119
343 124
344 4
344 6
344 9
344 10
344 11
344 16
344 18
344 21
344 25
344 27
344 28
344 32
344 33
344 39
344 42
344 44
344 45
344 54
344 75
344 83
344 94
344 119
345 4
345 9
345 10
345 11
345 12
345 16
345 18
345 21
345 22
345 25
345 26
345 29
345 32
345 33
345 34
345 36
345 42
345 43
345 46
345 48
345 54
345 56
345 71
345 76
345 79
346 1
346 4
346 9
346 10
346 11
346 12
346 15
346 16
346 18
346 21
346 22
346 24
346 26
346 27
346 33
346 35
346 36
346 38
346 39
346 46
346 47
346 50
346 52
346 59
346 66
346 76
347 0
347 5
347 10
347 15
347 16
347 18
347 28
347 33
347 35
347 36
347 57
347 70
347 94
347 95
348 1
348 4
348 9
348 10
348 11
348 12
348 15
348 16
348 18
348 21
348 24
348 25
348 26
348 29
348 32
348 33
348 34
348 35
348 36
348 39
348 41
348 45
348 46
348 47
348 48
348 53
348 54
348 64
348 68
348 78
349 0
349 1
349 7
349 9
349 10
349 11
349 15
349 16
349 18
349 24
349 25
349 28
349 31
349 33
349 35
349 36
349 48
349 57
349 59
349 64
349 70
349 72
349 95
350 0
350 1
350 2
350 5
350 9
350 10
350 11
350 12
350 15
350 16
350 17
350 18
350 21
350 22
350 25
350 27
350 28
350 32
350 33
350 34
350 36
350 37
350 38
350 39
350 42
350 43
350 45
350 47
350 48
350 51
350 53
350 56
350 61
350 62
350 66
350 90
350 98
351 4
351 9
351 10
351 11
351 12
351 15
351 16
351 18
351 21
351 26
351 28
351 32
351 33
351 37
351 38
351 39
351 46
351 49
351 54
351 61
351 71
351 79
351 90
351 110
351 125
352 1
352 4
352 9
352 10
352 11
352 12
352 16
352 18
352 21
352 24
352 26
352 28
352 33
352 34
352 35
352 36
352 41
352 46
352 47
352 50
352 51
352 59
352 89
353 1
353 4
353 9
353 10
353 11
353 16
353 18
353 21
353 24
353 26
353 27
353 28
353 32
353 35
353 36
353 38
353 69
353 90
354 0
354 1
354 4
354 9
354 10
354 11
354 12
354 16
354 18
354 24
354 26
354 28
354 31
354 33
354 34
354 35
354 36
354 39
354 41
354 46
354 47
354 48
354 50
354 51
354 58
354 60
354 65
354 72
354 92
355 10
355 18
355 33
356 1
356 4
356 9
356 10
356 11
356 12
356 15
356 16
356 18
356 21
356 24
356 26
356 27
356 28
356 31
356 33
356 35
356 36
356 42
356 46
356 47
356 49
356 50
356 51
356 61
356 66
356 110
357 4
357 6
357 9
357 11
357 12
357 16
357 21
357 24
357 25
357 26
357 28
357 29
357 33
357 34
357 36
357 42
357 48
357 49
357 50
357 53
357 105
357 114
358 4
359 4
359 9
359 10
359 16
359 18
359 36
360 0
360 10
361 4
361 7
361 9
361 11
361 12
361 16
361 18
361 21
361 28
361 29
361 36
361 38
361 39
361 41
361 54
361 69
362 0
362 1
362 4
362 9
362 10
362 12
362 16
362 18
362 21
362 25
362 26
362 28
362 29
362 33
362 42
362 47
362 54
362 65
363 4
363 5
363 9
363 10
363 11
363 12
363 18
363 26
363 29
363 36
363 38
363 42
364 4
364 10
364 11
364 12
364 16
364 21
364 24
364 26
364 33
364 46
364 47
364 48
364 51
364 59
364 71
365 4
365 7
365 9
365 10
365 11
365 12
365 15
365 16
365 18
365 21
365 22
365 24
365 25
365 26
365 32
365 33
365 34
365 36
365 38
365 41
365 44
365 45
365 80
366 4
366 9
366 10
366 11
366 12
366 15
366 16
366 18
366 21
366 24
366 33
366 35
366 38
366 39
366 47
367 4
367 9
367 10
367 11
367 12
367 15
367 16
367 18
367 21
367 24
367 25
367 26
367 28
367 33
367 38
367 39
367 41
367 42
367 45
367 46
367 47
367 61
367 65
367 68
367 71
367 76
368 0
368 5
368 9
368 10
368 11
368 12
368 15
368 18
368 32
368 33
368 38
368 88
369 0
369 4
369 5
369 7
369 9
369 10
369 11
369 12
369 15
369 16
369 18
369 21
369 26
369 28
369 46
369 48
370 4
370 9
370 10
370 11
370 12
370 21
370 33
370 38
370 46
370 47
370 51
370 56
370 58
370 59
370 65
371 1
371 7
371 11
371 16
371 18
371 26
371 35
371 36
371 41
372 16
372 26
372 34
372 36
373 9
373 10
373 11
373 12
373 25
373 26
373 28
373 29
373 32
373 45
374 3
374 6
374 8
374 9
374 10
374 11
374 12
374 15
374 21
374 24
374 25
374 28
374 33
374 45
374 46
374 53
374 60
374 65
374 76
375 0
376 4
376 9
376 11
376 12
376 21
376 24
376 32
376 33
376 42
376 46
376 53
377 4
377 10
377 11
377 12
377 21
377 24
377 25
377 33
377 36
377 45
377 46
377 59
378 9
378 10
378 11
378 12
378 18
378 26
378 28
378 42
378 71
379 0
379 1
379 4
379 7
379 9
379 10
379 11
379 12
379 15
379 16
379 18
379 21
379 32
379 33
379 45
379 46
379 47
379 48
379 59
380 9
380 10
380 11
380 12
380 16
380 34
381 9
381 96
382 4
382 5
382 9
382 10
382 11
382 12
382 15
382 16
382 18
382 21
382 23
382 24
382 26
382 31
382 33
382 34
382 35
382 38
382 39
382 42
382 46
382 51
382 60
382 67
382 73
382 88
382 102
383 0
383 9
383 10
383 11
383 12
383 16
383 18
383 21
383 26
383 28
383 29
383 32
383 33
383 36
384 4
384 5
384 6
384 9
384 10
384 11
384 12
384 15
384 16
384 18
384 21
384 22
384 24
384 25
384 30
384 32
384 33
384 34
384 38
384 39
384 43
384 45
384 46
384 48
384 61
384 66
384 68
384 72
384 76
385 1
385 4
385 9
385 10
385 11
385 12
385 15
385 16
385 18
385 21
385 24
385 26
385 27
385 28
385 33
385 35
385 36
385 46
385 47
385 49
385 50
385 60
385 61
385 66
385 67
386 4
386 9
386 10
386 11
386 12
386 16
386 21
386 24
386 33
386 39
386 46
386 47
386 59
386 66
387 9
387 10
387 11
387 12
387 16
387 18
387 21
387 24
387 25
387 26
387 28
387 29
387 31
387 33
387 34
387 36
387 38
387 39
387 42
387 45
387 48
387 61
387 77
388 4
388 6
388 9
388 10
388 11
388 12
388 13
388 14
388 15
388 16
388 18
388 19
388 25
388 26
388 28
388 29
388 32
388 33
388 35
388 37
388 38
388 39
388 42
388 48
388 51
388 60
388 72
388 78
388 80
388 81
388 83
388 86
388 121
389 1
389 9
389 10
389 11
389 12
389 15
389 16
389 18
389 21
389 24
389 27
389 28
389 32
389 33
389 35
389 36
389 39
389 46
389 47
389 60
389 61
389 65
389 79
389 84
389 88
389 90
389 108
390 1
390 4
390 9
390 10
390 11
390 12
390 16
390 18
390 21
390 24
390 26
390 28
390 33
390 34
390 35
390 36
390 46
390 48
390 49
390 50
390 51
391 1
391 4
391 9
391 10
391 11
391 12
391 16
391 18
391 21
391 24
391 25
391 26
391 28
391 33
391 34
391 35
391 36
391 42
391 46
391 48
391 50
391 51
391 60
391 61
391 66
391 78
392 0
392 1
392 5
392 9
392 10
392 11
392 12
392 14
392 15
392 16
392 18
392 25
392 26
392 28
392 33
392 35
392 36
392 42
392 45
392 48
392 61
392 66
392 68
392 70
393 10
393 12
393 16
393 18
393 21
393 24
393 26
393 33
393 34
393 35
393 36
393 42
393 48
393 69
393 70
393 94
394 4
394 9
394 10
394 11
394 12
394 16
394 18
394 21
394 26
394 28
394 33
394 34
394 37
394 38
394 39
394 42
394 48
394 94
394 104
394 121
395 0
395 31
396 1
396 4
396 9
396 11
396 12
396 15
396 16
396 18
396 21
396 24
396 26
396 27
396 28
396 33
396 35
396 36
396 46
396 50
396 61
396 66
397 9
397 12
397 16
398 0
398 1
398 4
398 8
398 9
398 10
398 11
398 12
398 15
398 16
398 18
398 21
398 24
398 26
398 27
398 28
398 32
398 33
398 34
398 35
398 36
398 46
398 47
398 50
398 53
398 59
398 60
398 66
399 1
399 4
399 9
399 11
399 12
399 16
399 18
399 21
399 24
399 26
399 28
399 33
399 34
399 35
399 36
399 46
399 49
399 50
399 51
399 53
399 76
400 1
400 4
400 9
400 11
400 12
400 16
400 18
400 24
400 26
400 33
400 35
400 36
400 49
400 50
400 61
400 76
401 0
401 4
401 9
401 10
401 11
401 12
401 15
401 16
401 18
401 24
401 25
401 26
401 27
401 30
401 31
401 33
401 34
401 35
401 36
401 41
401 44
401 45
401 48
401 61
401 66
401 69
401 70
401 84
401 102
402 4
402 9
402 10
402 11
402 12
402 16
402 18
402 26
402 32
402 33
402 34
402 48
402 51
402 126
403 4
403 5
403 6
403 9
403 10
403 12
403 14
403 15
403 16
403 21
403 25
403 28
403 32
403 33
403 35
403 45
403 48
403 53
403 54
403 63
403 68
403 127
404 0
404 4
404 9
404 10
404 11
404 15
404 16
404 31
404 33
404 35
404 57
404 58
404 95
405 0
405 9
405 10
405 11
405 12
405 16
405 18
405 21
405 26
405 28
405 29
405 32
405 33
405 34
405 48
405 51
405 61
405 81
405 110
406 1
406 4
406 9
406 10
406 11
406 12
406 15
406 16
406 18
406 21
406 24
406 26
406 28
406 33
406 34
406 35
406 36
406 39
406 46
406 49
406 50
406 52
406 54
406 60
406 61
407 4
407 9
407 10
407 11
407 12
407 16
407 18
407 26
407 42
407 54
407 61
408 1
408 4
408 9
408 10
408 11
408 12
408 15
408 16
408 18
408 19
408 21
408 22
408 24
408 25
408 26
408 28
408 32
408 33
408 35
408 36
408 37
408 41
408 42
408 45
408 46
408 47
408 50
408 51
408 60
408 63
408 65
408 76
408 93
408 105
409 0
409 4
409 9
409 10
409 11
409 12
409 16
409 18
409 24
409 26
409 31
409 32
409 35
409 48
409 72
410 4
410 9
410 10
410 11
410 12
410 13
410 16
410 18
410 21
410 22
410 25
410 26
410 32
410 33
410 34
410 38
410 43
410 46
410 47
410 66
411 0
411 4
411 9
411 16
411 31
411 95
412 1
412 9
412 10
412 11
412 12
412 16
412 18
412 21
412 22
412 26
412 33
412 34
412 36
412 39
412 46
412 48
412 52
412 54
412 61
412 69
413 4
413 9
413 10
413 11
413 12
413 18
413 21
413 22
413 24
413 26
413 28
413 29
413 39
413 41
413 46
413 61
414 1
414 4
414 8
414 9
414 10
414 11
414 15
414 16
414 18
414 21
414 22
414 28
414 33
414 34
414 46
414 47
415 1
415 9
415 11
415 12
415 15
415 16
415 18
415 21
415 24
415 25
415 26
415 28
415 29
415 33
415 34
415 36
415 48
415 50
416 9
416 10
416 11
416 12
416 16
416 18
416 21
416 22
416 25
416 28
416 29
416 32
416 33
416 34
416 38
416 39
416 42
416 43
416 45
416 48
416 61
416 68
416 71
417 9
417 10
417 11
417 12
417 18
417 33
417 46
417 47
418 4
418 9
418 10
418 11
418 12
418 15
418 16
418 18
418 21
418 22
418 24
418 25
418 28
418 32
418 33
418 34
418 36
418 39
418 42
418 45
418 46
418 48
418 61
418 66
418 68
418 88
419 0
419 4
419 10
419 33
419 95
420 0
420 4
420 7
420 31
421 0
421 1
421 4
421 5
421 6
421 7
421 9
421 10
421 11
421 12
421 13
421 14
421 15
421 16
421 18
421 19
421 21
421 23
421 24
421 25
421 26
421 27
421 28
421 29
421 30
421 32
421 33
421 34
421 35
421 36
421 37
421 38
421 39
421 41
421 42
421 44
421 45
421 47
421 48
421 49
421 54
421 57
421 59
421 60
421 61
421 63
421 64
421 80
421 81
421 86
421 88
421 103
422 1
422 4
422 9
422 10
422 12
422 16
422 21
422 24
422 25
422 28
422 38
422 39
422 46
422 71
422 104
423 4
423 9
423 10
423 11
423 12
423 15
423 16
423 18
423 21
423 24
423 27
423 28
423 32
423 33
423 35
423 38
423 46
423 48
423 56
423 69
424 34
424 47
425 1
425 4
425 9
425 10
425 11
425 12
425 16
425 18
425 21
425 24
425 26
425 27
425 33
425 35
425 36
425 37
425 39
425 42
425 65
425 66
425 91
426 1
426 4
426 9
426 10
426 11
426 12
426 15
426 16
426 18
426 21
426 24
426 26
426 28
426 33
426 34
426 35
426 36
426 46
426 50
426 52
426 60
426 66
426 68
427 4
427 6
427 10
427 11
427 12
427 16
427 21
427 24
427 25
427 26
427 29
427 36
427 42
427 44
427 45
427 52
428 5
428 8
428 10
428 11
428 12
428 15
428 18
428 22
428 46
429 0
429 31
430 1
430 4
430 9
430 11
430 12
430 16
430 18
430 21
430 24
430 26
430 28
430 33
430 34
430 35
430 42
430 46
430 47
430 48
430 49
430 50
430 51
431 4
431 9
431 10
431 11
431 12
431 21
431 28
431 33
431 46
431 47
431 59
432 4
432 5
432 6
432 9
432 10
432 11
432 12
432 13
432 15
432 16
432 18
432 21
432 22
432 24
432 25
432 26
432 28
432 31
432 32
432 33
432 34
432 35
432 36
432 38
432 39
432 41
432 44
432 45
432 48
432 53
432 58
432 82
432 84
432 103
432 128
433 4
433 6
433 9
433 10
433 11
433 12
433 16
433 18
433 21
433 24
433 32
433 33
433 41
433 45
433 46
433 47
433 53
433 56
433 58
433 60
433 66
433 73
433 78
433 90
434 0
434 4
434 31
435 4
435 5
435 6
435 7
435 9
435 10
435 11
435 12
435 15
435 16
435 18
435 21
435 22
435 24
435 25
435 26
435 27
435 28
435 29
435 30
435 32
435 33
435 34
435 36
435 37
435 40
435 46
435 47
435 48
435 51
435 53
435 59
435 60
435 68
435 71
435 72
435 85
435 110
436 1
436 4
436 10
436 11
436 12
436 16
436 18
436 25
436 28
436 33
436 44
436 45
436 46
436 47
436 52
436 54
436 60
436 68
436 76
437 1
437 5
437 8
437 9
437 12
437 14
437 15
437 16
437 18
437 21
437 22
437 33
437 34
437 35
437 41
437 60
437 61
437 63
437 66
438 1
438 5
438 9
438 10
438 11
438 16
438 21
438 33
438 46
439 1
439 4
439 5
439 7
439 9
439 10
439 11
439 12
439 16
439 18
439 22
439 26
439 27
439 28
439 29
439 34
439 36
439 37
439 38
439 42
439 46
439 47
439 48
439 53
439 59
439 60
440 4
440 10
440 11
440 12
440 18
440 21
440 24
440 33
440 46
440 47
440 48
440 59
441 4
441 9
441 10
441 11
441 12
441 16
441 18
441 21
441 24
441 25
441 28
441 32
441 33
441 34
441 36
441 37
441 39
441 42
441 45
441 46
441 47
441 48
441 51
441 64
441 66
441 76
441 93
441 105
442 6
442 7
442 9
442 10
442 11
442 18
442 21
442 26
442 31
442 36
442 53
443 0
443 4
443 15
443 28
443 48
444 1
444 4
444 9
444 10
444 11
444 12
444 16
444 18
444 21
444 24
444 25
444 26
444 28
444 29
444 32
444 33
444 34
444 36
444 38
444 41
444 42
444 45
444 50
444 53
444 61
444 65
445 4
445 9
445 10
445 11
445 12
445 15
445 16
445 18
445 21
445 24
445 25
445 32
445 33
445 36
445 42
445 44
445 45
445 51
445 68
445 105
446 4
446 8
446 9
446 10
446 11
446 12
446 16
446 21
446 24
446 25
446 26
446 28
446 29
446 32
446 33
446 34
446 38
446 41
446 45
446 46
446 47
446 51
446 66
447 0
447 4
447 5
447 11
447 95
448 4
448 9
448 12
448 16
448 18
448 21
448 25
448 32
448 39
448 41
448 42
448 45
448 46
448 48
448 91
448 114
449 0
449 1
449 4
449 5
449 9
449 10
449 11
449 12
449 13
449 15
449 16
449 18
449 19
449 21
449 22
449 24
449 25
449 26
449 28
449 32
449 33
449 34
449 35
449 36
449 37
449 38
449 39
449 42
449 44
449 45
449 46
449 47
449 48
449 60
449 61
449 66
449 68
449 71
449 72
449 84
449 86
449 90
449 110
450 0
450 1
450 5
450 6
450 9
450 10
450 11
450 12
450 14
450 15
450 16
450 18
450 21
450 27
450 28
450 31
450 32
450 33
450 35
450 38
450 46
450 48
450 51
450 52
450 57
450 59
450 60
450 61
450 68
450 90
451 9
451 10
451 11
451 12
451 15
451 16
451 18
451 21
451 25
451 26
451 33
451 42
451 45
451 48
452 9
452 10
452 11
452 12
452 16
452 18
452 21
452 25
452 26
452 28
452 29
452 33
452 36
452 39
452 42
452 61
452 68
453 4
453 10
453 12
453 16
453 18
453 21
453 26
453 33
453 38
453 41
453 46
453 47
453 51
453 66
454 1
454 9
454 11
454 12
454 16
454 18
454 21
454 24
454 26
454 28
454 33
454 34
454 35
454 36
454 46
454 48
454 49
454 50
454 51
454 52
454 66
454 72
455 0
455 1
455 4
455 9
455 10
455 11
455 12
455 16
455 18
455 21
455 24
455 26
455 28
455 29
455 32
455 33
455 34
455 36
455 39
455 46
455 47
455 48
455 50
455 81
456 7
456 9
456 10
456 12
456 16
456 18
456 25
456 28
456 35
456 37
456 42
457 1
457 4
457 6
457 9
457 10
457 11
457 12
457 16
457 18
457 21
457 24
457 25
457 32
457 33
457 35
457 39
457 44
457 45
457 46
457 51
457 88
458 1
458 4
458 9
458 10
458 11
458 12
458 16
458 18
458 21
458 24
458 26
458 28
458 29
458 32
458 33
458 36
458 39
458 42
458 46
458 48
458 50
458 52
458 60
459 4
459 9
459 10
459 11
459 12
459 16
459 18
459 21
459 26
459 32
459 34
460 1
460 4
460 11
460 12
460 16
460 18
460 24
460 26
460 32
460 33
460 34
460 35
460 36
460 41
460 42
460 70
460 81
461 1
461 4
461 8
461 9
461 10
461 11
461 12
461 15
461 16
461 17
461 18
461 19
461 21
461 24
461 25
461 26
461 28
461 31
461 32
461 33
461 34
461 35
461 36
461 38
461 39
461 41
461 44
461 45
461 46
461 47
461 48
461 51
461 52
461 58
461 60
461 61
461 63
461 65
461 66
461 67
461 69
461 72
461 79
461 86
461 88
462 10
462 11
462 12
462 16
462 18
462 21
462 22
462 24
462 30
462 32
462 33
462 39
462 46
462 47
462 48
462 66
462 93
463 0
463 31
464 1
464 5
464 8
464 9
464 11
464 12
464 18
464 27
464 28
464 29
464 33
464 37
464 39
464 46
464 47
464 61
465 1
465 4
465 9
465 10
465 11
465 12
465 16
465 18
465 21
465 24
465 26
465 28
465 33
465 35
465 36
465 46
465 47
465 50
465 51
465 52
465 61
466 1
466 4
466 9
466 10
466 11
466 12
466 16
466 18
466 21
466 24
466 26
466 28
466 30
466 33
466 34
466 35
466 36
466 42
466 44
466 46
466 48
466 50
466 51
466 61
466 65
466 76
467 16
467 28
467 34
467 36
468 5
468 9
468 11
468 12
468 16
468 18
468 21
468 25
468 29
468 32
468 34
468 41
469 0
469 1
469 4
469 5
469 6
469 7
469 9
469 10
469 11
469 12
469 13
469 15
469 16
469 18
469 21
469 24
469 25
469 26
469 28
469 33
469 35
469 36
469 38
469 39
469 41
469 42
469 45
469 48
469 54
469 59
469 64
469 66
469 68
469 69
469 70
469 88
470 9
470 10
470 11
470 12
470 16
470 21
470 28
470 33
470 34
471 4
471 5
471 9
471 10
471 11
471 15
471 18
471 21
471 51
471 59
472 1
472 4
472 9
472 10
472 11
472 12
472 15
472 16
472 18
472 21
472 24
472 25
472 26
472 32
472 33
472 34
472 35
472 45
472 46
472 48
472 50
472 51
472 53
473 4
473 8
473 9
473 12
473 15
473 16
473 18
473 21
473 28
473 29
473 33
473 39
473 44
473 48
473 63
473 65
474 0
474 4
475 1
475 4
475 8
475 9
475 10
475 11
475 12
475 16
475 18
475 21
475 24
475 26
475 27
475 28
475 32
475 33
475 34
475 35
475 36
475 37
475 39
475 46
475 47
475 50
475 57
475 59
475 61
475 66
475 72
475 90
476 0
476 9
476 10
476 11
476 14
476 15
476 16
476 17
476 18
476 21
476 22
476 24
476 25
476 28
476 29
476 32
476 33
476 35
476 39
476 41
476 47
476 57
476 62
476 68
476 72
476 76
476 78
476 90
477 1
477 4
477 5
477 8
477 9
477 10
477 11
477 12
477 15
477 16
477 18
477 21
477 22
477 24
477 26
477 28
477 31
477 33
477 35
477 37
477 38
477 39
477 42
477 49
477 56
477 58
477 60
477 61
477 65
477 104
477 110
478 0
478 1
478 4
478 6
478 9
478 11
478 12
478 18
478 21
478 24
478 32
478 33
478 36
478 39
478 41
478 42
478 51
478 64
478 81
478 84
479 4
479 9
479 10
479 12
479 18
479 21
479 32
479 33
479 36
479 42
479 46
479 47
479 48
479 54
479 59
479 79
480 1
480 4
480 9
480 10
480 12
480 13
480 15
480 18
480 21
480 28
480 33
480 38
480 44
480 48
480 60
481 4
481 9
481 10
481 11
481 12
481 15
481 16
481 21
481 24
481 28
481 29
481 31
481 32
481 33
481 35
481 39
481 42
481 46
481 47
481 51
481 59
481 60
481 66
481 73
482 0
482 1
482 2
482 4
482 5
482 6
482 7
482 9
482 10
482 11
482 12
482 13
482 15
482 16
482 18
482 19
482 20
482 21
482 22
482 23
482 24
482 25
482 26
482 28
482 31
482 33
482 34
482 36
482 38
482 39
482 41
482 43
482 47
482 54
482 60
482 61
482 63
482 66
482 67
482 79
483 4
483 9
483 10
483 11
483 12
483 16
483 18
483 21
483 25
483 26
483 32
483 33
483 45
483 46
483 54
483 63
483 68
484 1
484 4
484 9
484 10
484 11
484 12
484 16
484 18
484 21
484 24
484 25
484 26
484 28
484 32
484 33
484 34
484 35
484 36
484 45
484 48
484 50
484 51
485 4
485 9
485 10
485 11
485 12
485 16
485 21
485 25
485 30
485 33
485 39
485 42
485 45
485 46
485 47
486 4
486 10
486 11
486 15
486 16
486 18
486 26
486 33
486 38
486 41
486 81
487 1
487 4
487 6
487 9
487 10
487 11
487 12
487 15
487 16
487 18
487 21
487 24
487 26
487 27
487 28
487 29
487 33
487 34
487 36
487 46
487 48
487 56
487 72
487 78
487 84
488 8
488 10
488 11
488 16
488 18
488 21
488 25
488 26
488 34
488 35
488 46
488 56
488 114
489 4
489 5
489 8
489 9
489 10
489 11
489 12
489 16
489 18
489 21
489 26
489 28
489 32
489 33
489 41
489 46
489 47
489 51
489 69
489 76
490 9
490 11
490 12
490 18
490 21
490 26
490 28
490 29
490 34
490 36
490 38
490 39
490 42
490 46
491 8
491 9
491 10
491 12
491 16
491 18
491 21
491 22
491 24
491 29
491 33
491 46
491 56
491 68
491 118
492 1
492 5
492 9
492 10
492 11
492 12
492 15
492 16
492 18
492 28
492 29
492 32
492 33
492 38
492 46
492 47
492 48
492 119
493 0
493 31
494 0
494 4
494 15
494 16
494 95
494 103
495 12
495 18
495 36
495 48
496 1
496 8
496 10
496 11
496 18
496 21
496 28
496 33
496 46
496 47
496 59
496 66
497 0
497 4
497 10
497 11
497 12
497 13
497 15
497 16
497 18
497 21
497 24
497 26
497 30
497 32
497 33
497 35
497 39
497 48
497 51
497 60
497 64
497 69
497 76
498 9
498 10
498 11
498 12
498 18
498 21
498 33
498 42
498 46
498 47
498 51
499 4
499 10
499 11
499 12
499 16
499 18
499 21
499 24
499 26
499 28
499 29
499 33
499 36
499 42
499 49
499 53
499 65
500 1
500 7
500 9
500 10
500 11
500 12
500 18
500 21
500 24
500 25
500 29
500 32
500 33
500 45
500 47
500 59
500 68
500 90
500 110
501 1
501 4
501 9
501 10
501 11
501 12
501 16
501 18
501 21
501 24
501 25
501 26
501 28
501 29
501 33
501 34
501 35
501 36
501 42
501 45
501 46
501 47
501 48
501 49
501 50
501 53
502 2
502 4
502 9
502 10
502 11
502 12
502 15
502 16
502 18
502 21
502 24
502 25
502 27
502 28
502 29
502 31
502 33
502 35
502 36
502 37
502 38
502 41
502 42
502 44
502 45
502 46
502 47
502 48
502 61
502 64
502 65
502 72
502 80
502 86
502 100
503 4
503 9
503 10
503 12
503 18
503 21
503 33
503 44
503 46
503 47
504 0
504 7
504 9
504 10
504 11
504 15
504 41
504 94
505 1
505 4
505 9
505 10
505 11
505 12
505 16
505 18
505 21
505 24
505 25
505 26
505 28
505 29
505 32
505 33
505 34
505 35
505 36
505 42
505 45
505 46
505 47
505 48
505 49
505 50
505 51
505 53
505 61
505 76
506 0
506 5
506 9
506 10
506 11
506 12
506 15
506 16
506 18
506 21
506 24
506 25
506 26
506 29
506 30
506 33
506 39
506 41
506 46
506 47
506 48
506 53
506 54
506 76
507 0
507 1
507 4
507 9
507 10
507 11
507 12
507 13
507 15
507 16
507 18
507 19
507 21
507 24
507 25
507 26
507 27
507 29
507 31
507 32
507 33
507 34
507 35
507 36
507 41
507 44
507 46
507 48
507 50
507 51
507 64
507 65
507 68
507 69
507 72
508 1
508 4
508 5
508 9
508 10
508 11
508 12
508 16
508 18
508 21
508 22
508 23
508 24
508 25
508 26
508 28
508 32
508 33
508 34
508 35
508 36
508 41
508 44
508 46
508 48
508 50
508 51
508 61
508 74
508 78
509 1
509 4
509 9
509 10
509 11
509 12
509 15
509 16
509 18
509 21
509 24
509 25
509 26
509 28
509 33
509 34
509 35
509 36
509 42
509 46
509 50
509 61
509 68
509 69
510 4
510 6
510 9
510 12
510 18
510 24
510 25
510 26
510 33
510 45
510 48
511 1
511 4
511 9
511 10
511 11
511 12
511 16
511 18
511 21
511 24
511 25
511 26
511 29
511 33
511 34
511 39
511 41
511 56
511 57
511 118
512 4
512 9
512 10
512 11
512 18
512 21
512 25
512 26
512 32
512 33
512 42
512 45
512 46
512 48
512 53
513 4
513 9
513 24
513 58
514 4
514 9
514 10
514 11
514 16
514 32
514 33
514 46
514 47
514 59
515 4
515 9
515 12
515 16
515 32
515 36
515 37
515 39
515 93
516 0
516 1
516 9
516 10
516 11
516 12
516 15
516 16
516 18
516 21
516 26
516 28
516 32
516 33
516 35
516 46
516 56
516 61
516 76
516 80
517 8
517 9
517 10
517 21
517 23
517 24
517 28
517 33
517 37
517 42
517 46
517 47
517 60
517 61
518 1
518 4
518 10
518 11
518 12
518 15
518 16
518 17
518 18
518 21
518 24
518 26
518 31
518 32
518 34
518 39
518 42
518 48
518 62
518 64
518 100
519 1
519 4
519 9
519 10
519 11
519 12
519 15
519 16
519 18
519 21
519 24
519 25
519 26
519 27
519 28
519 32
519 33
519 35
519 36
519 38
519 41
519 42
519 45
519 46
519 47
519 50
519 52
519 59
519 60
519 66
519 68
519 72
520 0
520 4
520 6
520 9
520 10
520 11
520 12
520 16
520 18
520 21
520 24
520 25
520 26
520 28
520 29
520 32
520 33
520 36
520 38
520 44
520 45
520 46
520 47
520 75
520 77
520 114
521 0
521 7
521 15
521 31
521 61
522 0
522 4
522 5
522 6
522 9
522 10
522 11
522 12
522 13
522 15
522 16
522 17
522 18
522 19
522 20
522 21
522 22
522 24
522 25
522 26
522 27
522 28
522 29
522 30
522 32
522 33
522 34
522 35
522 36
522 38
522 39
522 41
522 42
522 45
522 48
522 51
522 60
522 61
522 63
522 68
522 71
522 76
522 88
522 90
522 100
523 0
523 31
524 1
524 8
524 9
524 10
524 11
524 12
524 16
524 18
524 26
524 28
524 32
524 33
524 37
524 38
524 42
524 46
524 48
524 60
525 0
525 1
525 4
525 5
525 9
525 10
525 11
525 12
525 15
525 16
525 18
525 21
525 24
525 25
525 26
525 28
525 32
525 33
525 35
525 41
525 51
525 56
525 60
525 61
525 64
525 65
525 116
526 1
526 4
526 9
526 10
526 11
526 12
526 16
526 18
526 21
526 22
526 24
526 26
526 28
526 29
526 32
526 33
526 34
526 35
526 36
526 48
526 50
526 52
526 67
527 0
527 4
527 6
527 9
527 10
527 11
527 12
527 15
527 16
527 18
527 21
527 25
527 26
527 28
527 29
527 32
527 33
527 34
527 35
527 36
527 38
527 39
527 41
527 45
527 47
527 48
527 62
527 66
527 67
528 4
528 9
528 10
528 11
528 12
528 15
528 16
528 18
528 21
528 22
528 24
528 25
528 28
528 31
528 32
528 36
528 37
528 38
528 42
528 45
528 51
528 53
528 59
528 60
528 61
528 73
528 91
529 0
529 4
530 1
530 4
530 9
530 11
530 12
530 15
530 16
530 18
530 21
530 24
530 26
530 28
530 33
530 34
530 35
530 36
530 39
530 42
530 46
530 49
530 50
530 51
530 53
530 59
531 9
531 10
531 12
531 18
531 21
531 28
531 33
531 48
532 1
532 8
532 9
532 10
532 11
532 16
532 24
532 25
532 33
532 45
532 46
532 54
532 56
532 58
532 59
532 61
532 68
532 72
532 76
532 90
533 0
534 9
534 12
534 15
534 16
534 18
534 28
534 33
534 35
534 36
534 37
535 1
535 9
535 10
535 11
535 12
535 15
535 16
535 18
535 21
535 24
535 25
535 26
535 28
535 33
535 35
535 36
535 38
535 39
535 42
535 46
535 47
535 52
535 60
535 62
535 77
536 0
536 4
536 5
536 9
536 10
536 11
536 12
536 15
536 16
536 18
536 21
536 22
536 26
536 28
536 31
536 33
536 34
536 36
536 37
536 41
536 42
536 43
536 48
536 60
536 61
536 63
536 73
536 76
536 88
536 90
537 4
537 10
537 11
537 16
537 18
537 26
537 36
537 38
537 42
537 54
537 61
537 71
537 79
538 1
538 4
538 9
538 10
538 11
538 12
538 15
538 16
538 18
538 19
538 21
538 22
538 23
538 24
538 25
538 26
538 33
538 34
538 35
538 36
538 39
538 44
538 45
538 46
538 50
538 51
538 53
538 66
538 69
538 74
538 88
538 90
539 4
539 8
539 9
539 10
539 11
539 12
539 15
539 16
539 18
539 21
539 24
539 26
539 27
539 28
539 33
539 35
539 36
539 37
539 38
539 39
539 42
539 48
539 51
540 4
540 5
540 9
540 10
540 11
540 12
540 16
540 18
540 21
540 26
540 33
540 36
540 39
540 41
540 102
541 4
541 9
541 10
541 11
541 12
541 16
541 21
541 24
541 25
541 33
541 34
541 38
541 45
541 46
541 48
541 66
541 73
542 0
542 31
543 1
543 4
543 9
543 10
543 11
543 12
543 16
543 21
543 24
543 28
543 33
543 39
543 42
543 46
543 47
543 48
543 51
543 59
543 60
543 64
543 66
543 67
543 68
543 78
543 110
544 4
544 7
544 9
544 10
544 12
544 15
544 16
544 18
544 21
544 26
544 27
544 32
544 33
544 35
544 36
544 44
544 47
544 53
544 68
545 1
545 4
545 6
545 9
545 11
545 12
545 15
545 16
545 18
545 21
545 26
545 27
545 28
545 33
545 35
545 36
545 49
545 50
545 53
545 55
545 66
545 68
545 76
545 88
546 4
547 4
547 9
547 10
547 11
547 16
547 18
547 21
547 27
547 33
547 35
547 45
547 46
547 47
547 52
547 59
547 62
547 74
548 4
548 6
548 9
548 10
548 11
548 12
548 15
548 16
548 18
548 21
548 25
548 26
548 28
548 32
548 33
548 38
548 39
548 42
548 43
548 45
548 46
548 47
548 48
548 51
548 59
548 60
548 61
548 62
548 68
548 71
548 72
548 114
549 7
549 9
549 10
549 11
549 12
549 16
549 18
549 26
549 28
549 32
549 37
549 61
549 76
550 12
550 14
550 18
550 21
550 30
550 33
550 43
550 46
550 51
551 4
551 9
551 11
551 16
551 18
551 33
551 34
551 42
551 51
552 4
552 9
552 10
552 11
552 12
552 16
552 18
552 26
552 33
552 36
552 54
552 79
553 0
553 9
553 10
553 11
553 12
553 15
553 16
553 19
553 24
553 25
553 94
553 95
553 103
554 4
554 9
554 10
554 11
554 12
554 18
554 21
554 33
554 42
554 46
554 47
555 2
555 4
555 7
555 9
555 10
555 11
555 15
555 16
555 18
555 21
555 27
555 28
555 29
555 32
555 36
555 38
555 39
555 42
555 45
555 60
556 0
556 9
556 10
556 15
556 16
556 24
556 25
556 27
556 31
556 33
556 35
556 36
556 57
556 94
556 95
556 103
556 129
557 1
557 4
557 8
557 9
557 10
557 11
557 12
557 15
557 16
557 18
557 21
557 24
557 26
557 27
557 28
557 33
557 35
557 36
557 39
557 42
557 46
557 50
557 52
557 60
557 66
557 72
558 1
558 4
558 9
558 10
558 11
558 12
558 16
558 18
558 21
558 23
558 24
558 25
558 26
558 28
558 29
558 32
558 33
558 34
558 35
558 36
558 45
558 46
558 47
558 48
558 50
558 52
558 53
558 67
558 108
559 3
559 5
559 7
559 9
559 11
559 12
559 15
559 17
559 18
559 21
559 28
559 33
559 42
559 46
559 47
559 49
559 53
559 59
560 0
560 4
560 16
560 31
561 2
561 9
561 10
561 11
561 32
561 48
561 72
562 0
562 4
562 10
562 11
562 15
562 16
562 18
562 28
562 31
562 36
562 70
563 1
563 4
563 9
563 10
563 11
563 12
563 16
563 18
563 21
563 24
563 26
563 27
563 28
563 33
563 35
563 36
563 37
563 46
563 48
563 49
563 50
563 54
563 60
563 61
563 66
563 76
564 1
564 2
564 6
564 7
564 8
564 9
564 10
564 11
564 12
564 15
564 16
564 18
564 21
564 22
564 24
564 25
564 28
564 29
564 32
564 33
564 38
564 41
564 45
564 46
564 48
564 51
564 56
564 60
564 61
564 62
564 64
564 68
564 72
564 104
564 110
564 112
564 116
565 4
565 5
565 9
565 10
565 11
565 12
565 16
565 18
565 21
565 26
565 36
565 54
566 12
566 16
566 18
566 26
566 33
566 34
566 35
567 4
567 9
567 10
567 11
567 12
567 18
567 21
567 26
567 28
567 51
567 62
568 1
568 4
568 5
568 9
568 10
568 11
568 12
568 15
568 16
568 18
568 21
568 24
568 26
568 27
568 28
568 33
568 35
568 36
568 39
568 46
568 47
568 49
568 50
568 66
569 1
569 5
569 9
569 10
569 11
569 12
569 16
569 18
569 21
569 24
569 25
569 26
569 27
569 28
569 29
569 33
569 35
569 36
569 37
569 42
569 46
569 47
569 50
569 51
569 60
569 61
569 66
570 4
570 10
570 11
570 16
570 18
570 34
570 36
570 42
570 54
570 79
571 1
571 9
571 10
571 11
571 12
571 15
571 16
571 18
571 21
571 22
571 24
571 25
571 26
571 32
571 33
571 34
571 35
571 36
571 45
571 46
571 50
571 56
572 0
572 1
572 4
572 9
572 10
572 11
572 12
572 14
572 15
572 16
572 18
572 21
572 22
572 24
572 25
572 26
572 27
572 28
572 32
572 33
572 34
572 35
572 36
572 41
572 42
572 44
572 45
572 46
572 47
572 48
572 50
572 52
572 60
572 61
572 65
572 66
572 72
572 79
572 84
572 110
572 130
573 4
573 9
573 12
573 16
573 26
573 41
574 1
574 4
574 9
574 11
574 12
574 16
574 18
574 21
574 24
574 26
574 28
574 29
574 33
574 34
574 36
574 39
574 42
574 48
574 49
574 50
574 53
575 0
575 1
575 4
575 5
575 9
575 10
575 11
575 12
575 16
575 18
575 21
575 23
575 24
575 32
575 33
575 34
575 35
575 36
575 38
575 39
575 42
575 46
575 47
575 48
575 59
575 66
575 67
575 73
576 4
576 7
576 9
576 10
576 12
576 18
576 21
576 25
576 26
576 28
576 31
576 32
576 34
576 36
576 42
576 45
576 69
577 0
577 10
577 15
577 16
577 24
577 35
577 36
577 48
578 0
578 1
578 4
578 9
578 10
578 11
578 12
578 15
578 16
578 18
578 25
578 26
578 31
578 32
578 33
578 35
578 36
578 38
578 39
578 48
578 60
579 0
579 31
580 0
580 1
580 4
580 7
580 9
580 10
580 11
580 12
580 13
580 15
580 16
580 18
580 21
580 22
580 24
580 25
580 26
580 27
580 28
580 32
580 33
580 35
580 36
580 39
580 42
580 45
580 46
580 48
580 50
580 59
580 60
580 66
580 68
580 70
580 72
580 88
581 4
581 9
581 10
581 11
581 18
581 21
581 33
581 46
581 47
582 4
582 8
582 9
582 10
582 11
582 12
582 15
582 16
582 18
582 21
582 24
582 25
582 28
582 32
582 35
582 36
582 39
582 41
582 42
582 45
582 47
582 48
582 51
582 54
582 61
582 63
582 64
582 71
582 72
582 88
582 100
583 4
583 5
583 9
583 10
583 11
583 12
583 18
583 21
583 28
583 34
583 38
583 48
583 51
584 4
584 9
584 10
584 11
584 12
584 15
584 16
584 18
584 26
584 28
584 32
584 36
584 38
584 42
584 51
584 54
584 68
584 71
584 79
585 0
585 4
585 6
585 9
585 10
585 11
585 12
585 15
585 16
585 18
585 21
585 26
585 28
585 29
585 30
585 33
585 35
585 36
585 37
585 42
585 48
585 53
585 61
585 78
585 83
585 87
586 1
586 4
586 5
586 6
586 9
586 10
586 11
586 12
586 13
586 14
586 15
586 16
586 17
586 18
586 21
586 22
586 24
586 26
586 28
586 29
586 32
586 33
586 34
586 35
586 36
586 37
586 42
586 48
586 51
586 58
586 60
586 69
586 86
586 107
586 110
587 1
587 9
587 10
587 11
587 15
587 16
587 18
587 21
587 26
587 28
587 33
587 35
587 36
587 48
588 4
588 5
588 6
588 8
588 9
588 10
588 11
588 12
588 16
588 18
588 26
588 56
588 58
588 105
589 0
589 1
589 9
589 16
589 18
589 25
589 26
589 33
589 35
589 36
590 9
590 10
590 36
590 42
590 54
591 0
591 1
591 4
591 5
591 6
591 9
591 10
591 11
591 12
591 13
591 15
591 16
591 17
591 18
591 20
591 21
591 24
591 25
591 26
591 28
591 29
591 30
591 33
591 35
591 36
591 39
591 41
591 42
591 45
591 46
591 48
591 49
591 53
591 54
591 59
591 61
591 63
591 64
591 71
591 86
591 100
591 121
592 0
592 4
592 5
592 7
592 9
592 10
592 11
592 12
592 16
592 18
592 24
592 25
592 26
592 28
592 33
592 36
592 38
592 45
593 0
593 4
593 10
593 11
593 95
594 0
594 4
594 31
595 1
595 4
595 9
595 11
595 12
595 16
595 18
595 21
595 24
595 25
595 26
595 28
595 33
595 34
595 35
595 36
595 45
595 46
595 50
595 51
595 53
595 61
595 72
596 9
596 10
596 12
596 18
596 21
596 33
596 36
596 46
596 47
596 56
597 4
597 9
597 10
597 11
597 12
597 16
597 21
597 33
597 34
597 118
598 1
598 4
598 5
598 9
598 10
598 11
598 12
598 15
598 16
598 18
598 21
598 24
598 25
598 26
598 28
598 29
598 32
598 33
598 34
598 35
598 36
598 38
598 39
598 42
598 45
598 46
598 47
598 48
598 49
598 50
598 51
598 52
598 53
598 68
598 71
598 72
598 77
598 104
599 0
599 1
599 2
599 4
599 7
599 9
599 10
599 11
599 12
599 13
599 15
599 16
599 18
599 21
599 24
599 25
599 26
599 28
599 31
599 32
599 33
599 34
599 35
599 36
599 38
599 39
599 42
599 44
599 46
599 48
599 50
599 55
599 56
599 72
600 1
600 4
600 8
600 9
600 11
600 12
600 16
600 18
600 21
600 24
600 25
600 26
600 28
600 33
600 34
600 36
600 45
600 50
600 51
601 1
601 4
601 8
601 9
601 11
601 12
601 16
601 18
601 21
601 25
601 26
601 28
601 33
601 34
601 35
601 50
601 51
601 61
602 4
602 10
602 11
602 12
602 21
602 28
602 32
602 33
602 39
602 46
602 56
602 59
603 1
603 4
603 10
603 11
603 16
603 18
603 21
603 26
603 28
603 32
603 33
603 36
603 90
604 0
604 1
604 4
604 9
604 10
604 11
604 12
604 16
604 18
604 21
604 22
604 26
604 28
604 32
604 33
604 35
604 46
604 47
604 48
604 73
604 84
605 0
605 7
605 9
605 10
605 12
605 15
605 16
605 18
605 21
605 26
605 33
605 34
605 36
605 47
606 9
606 18
606 28
606 37
606 42
607 0
607 1
607 4
607 9
607 11
607 12
607 16
607 18
607 21
607 26
607 29
607 34
607 35
607 46
607 47
608 0
608 9
608 10
608 11
608 12
608 15
608 16
608 18
608 21
608 24
608 27
608 28
608 32
608 33
608 35
608 36
608 38
608 42
608 45
608 46
608 51
609 0
609 31
610 0
610 15
610 31
610 33
610 95
611 4
611 5
611 9
611 10
611 11
611 12
611 15
611 16
611 18
611 26
611 28
611 29
611 31
611 32
611 33
611 38
611 42
611 61
611 88
612 1
612 6
612 9
612 10
612 11
612 12
612 13
612 15
612 16
612 18
612 21
612 24
612 25
612 26
612 29
612 33
612 35
612 36
612 38
612 42
612 48
612 65
612 69
612 70
613 9
613 10
613 11
613 15
613 18
613 21
613 24
613 28
613 33
613 37
613 46
613 47
613 66
614 1
614 4
614 9
614 10
614 11
614 12
614 15
614 16
614 18
614 21
614 24
614 25
614 26
614 27
614 28
614 31
614 33
614 35
614 36
614 38
614 41
614 45
614 46
614 48
614 50
614 51
614 59
614 60
614 61
614 65
614 66
614 68
614 72
614 75
614 87
615 4
615 5
615 6
615 9
615 10
615 11
615 12
615 21
615 25
615 29
615 32
615 33
615 36
615 39
615 42
615 45
615 46
615 48
615 62
615 68
615 71
615 72
615 76
615 114
616 1
616 4
616 9
616 10
616 11
616 12
616 15
616 16
616 18
616 21
616 24
616 26
616 33
616 34
616 35
616 36
616 46
616 50
616 69
617 0
617 1
617 4
617 7
617 9
617 10
617 11
617 12
617 14
617 15
617 16
617 18
617 21
617 22
617 24
617 26
617 28
617 31
617 33
617 34
617 38
617 39
617 41
617 46
617 51
617 53
617 57
617 60
617 61
617 63
617 76
617 78
617 88
617 90
617 98
618 4
618 9
618 11
618 12
618 21
618 33
618 46
619 1
619 4
619 9
619 10
619 11
619 12
619 16
619 18
619 21
619 24
619 25
619 26
619 28
619 29
619 33
619 35
619 36
619 46
619 47
619 50
619 60
619 61
619 69
619 71
620 1
620 4
620 9
620 10
620 11
620 12
620 15
620 16
620 18
620 21
620 24
620 26
620 33
620 35
620 36
620 46
620 47
620 50
620 60
620 67
620 68
621 1
621 4
621 5
621 9
621 10
621 11
621 12
621 13
621 15
621 16
621 18
621 21
621 26
621 27
621 28
621 29
621 33
621 34
621 35
621 36
621 38
621 39
621 41
621 42
621 48
621 59
621 60
621 63
621 77
621 79
621 121
622 0
622 4
622 9
622 10
622 12
622 16
622 18
622 21
622 24
622 32
622 33
622 36
622 38
622 42
622 45
622 46
622 51
622 60
622 65
623 0
623 4
623 9
623 10
623 11
623 12
623 15
623 16
623 18
623 24
623 25
623 29
623 32
623 33
623 36
623 38
623 39
623 45
623 48
623 72
623 128
624 15
624 94
625 1
625 4
625 9
625 10
625 11
625 12
625 15
625 16
625 18
625 21
625 24
625 26
625 27
625 28
625 33
625 35
625 36
625 37
625 39
625 44
625 46
625 50
625 51
625 52
625 56
625 60
625 66
625 110
626 0
626 4
626 31
627 0
627 31
628 4
629 4
629 7
629 9
629 10
629 11
629 15
629 16
629 21
629 24
629 28
629 33
629 35
629 38
629 39
629 47
629 54
629 64
629 91
630 4
630 5
630 9
630 10
630 12
630 18
630 21
630 26
630 30
630 34
630 36
630 42
630 54
630 76
630 125
631 0
631 4
631 31
632 0
632 31
633 0
633 2
633 4
633 9
633 10
633 11
633 12
633 13
633 15
633 16
633 18
633 21
633 24
633 25
633 26
633 27
633 28
633 29
633 31
633 32
633 33
633 35
633 36
633 37
633 41
633 42
633 45
633 46
633 47
633 48
633 51
633 59
633 60
633 61
633 63
633 69
633 70
633 72
633 76
633 86
633 110
634 4
634 9
634 10
634 11
634 12
634 15
634 16
634 18
634 21
634 24
634 25
634 26
634 28
634 29
634 35
634 36
634 38
634 39
634 41
634 42
634 45
634 48
634 57
634 60
634 65
634 72
634 88
635 4
635 9
635 11
635 12
635 18
635 21
635 46
635 47
636 9
636 10
636 11
636 12
636 16
636 18
636 21
636 24
636 26
636 28
636 36
636 38
636 46
636 47
636 48
637 5
637 9
637 10
637 11
637 12
637 18
637 21
637 25
637 26
637 28
637 32
637 36
638 4
638 6
638 8
638 9
638 11
638 12
638 16
638 18
638 102
638 131
639 0
639 1
639 4
639 6
639 8
639 9
639 10
639 11
639 12
639 15
639 16
639 18
639 21
639 24
639 25
639 26
639 29
639 32
639 33
639 37
639 39
639 41
639 42
639 44
639 45
639 46
639 48
639 51
639 54
639 58
639 60
639 64
639 65
639 73
639 80
639 90
639 104
640 0
640 31
641 0
641 4
641 10
641 11
641 12
641 16
641 18
641 21
641 24
641 26
641 27
641 28
641 33
641 35
641 36
641 47
641 48
641 67
641 81
642 1
642 4
642 9
642 10
642 11
642 12
642 15
642 16
642 18
642 21
642 24
642 26
642 27
642 28
642 33
642 35
642 36
642 38
642 46
642 48
642 49
642 50
642 53
642 60
642 66
642 67
642 76
642 128
643 5
643 8
643 9
643 10
643 12
643 16
643 18
643 21
643 26
643 28
643 32
643 33
643 34
643 36
643 48
643 60
644 1
644 4
644 9
644 10
644 11
644 12
644 16
644 18
644 21
644 24
644 26
644 28
644 33
644 35
644 36
644 46
644 49
644 50
644 52
644 61
645 0
645 1
645 4
645 6
645 9
645 10
645 11
645 12
645 15
645 16
645 17
645 18
645 19
645 20
645 21
645 23
645 24
645 27
645 29
645 30
645 32
645 33
645 34
645 35
645 36
645 46
645 48
645 51
645 58
645 61
645 66
645 67
645 116
646 0
646 4
646 8
646 9
646 10
646 11
646 15
646 16
646 26
646 29
646 32
646 42
646 47
646 51
646 52
646 57
646 68
646 76
647 1
647 4
647 7
647 9
647 10
647 11
647 12
647 14
647 16
647 18
647 21
647 24
647 26
647 27
647 29
647 31
647 33
647 35
647 36
647 41
647 42
647 48
647 55
647 61
647 63
647 88
648 9
648 10
648 11
648 12
648 16
648 18
648 21
648 26
648 28
648 30
648 32
648 33
648 37
648 42
648 46
648 47
648 48
648 61
649 8
649 12
649 16
649 18
649 21
649 24
649 32
649 39
649 41
649 54
649 79
649 80
650 0
650 1
650 4
650 5
650 9
650 10
650 11
650 12
650 15
650 16
650 18
650 21
650 25
650 26
650 32
650 33
650 34
650 35
650 36
650 37
650 61
651 4
651 9
651 10
651 11
651 12
651 16
651 18
651 25
651 26
651 28
651 29
651 36
651 38
651 42
651 51
651 54
651 61
651 76
652 0
652 1
652 4
652 6
652 9
652 10
652 11
652 12
652 15
652 16
652 18
652 21
652 24
652 25
652 26
652 28
652 29
652 32
652 33
652 34
652 35
652 36
652 39
652 44
652 45
652 47
652 48
652 51
652 59
652 60
652 61
652 65
652 67
652 69
652 70
652 80
652 84
653 0
653 2
653 5
653 6
653 9
653 10
653 11
653 12
653 15
653 16
653 18
653 21
653 24
653 25
653 26
653 33
653 35
653 36
653 37
653 38
653 39
653 42
653 45
653 48
653 54
653 60
653 68
653 69
653 72
654 9
654 12
654 16
654 36
654 42
654 54
654 79
655 1
655 4
655 9
655 11
655 12
655 16
655 18
655 21
655 24
655 26
655 33
655 34
655 35
655 36
655 46
655 50
655 51
655 61
656 4
656 5
656 9
656 10
656 12
656 16
656 21
656 24
656 28
656 32
656 33
656 42
656 46
656 48
656 52
656 64
656 69
657 4
657 9
657 10
657 11
657 12
657 16
657 18
657 21
657 24
657 26
657 28
657 33
657 34
657 36
657 46
657 48
657 50
657 53
657 76
658 9
658 10
658 11
658 12
658 16
658 26
658 33
658 34
658 35
658 39
659 9
659 12
659 18
659 21
659 33
659 46
659 47
660 0
660 4
660 9
660 10
660 11
660 12
660 15
660 16
660 18
660 21
660 24
660 26
660 32
660 33
660 35
660 36
660 41
660 46
660 47
660 48
660 51
660 59
660 67
660 70
661 1
661 4
661 9
661 10
661 11
661 12
661 15
661 16
661 18
661 21
661 22
661 24
661 25
661 26
661 32
661 33
661 34
661 35
661 36
661 37
661 39
661 46
661 48
661 50
661 51
661 52
661 55
661 56
661 57
661 59
661 66
661 69
661 76
662 1
662 9
662 11
662 12
662 16
662 18
662 21
662 24
662 26
662 28
662 33
662 34
662 35
662 36
662 46
662 49
662 50
662 51
662 61
663 1
663 4
663 9
663 10
663 11
663 12
663 15
663 16
663 18
663 21
663 22
663 24
663 25
663 26
663 27
663 28
663 33
663 34
663 36
663 46
663 48
663 50
663 51
663 52
664 4
664 9
664 10
664 12
664 21
664 24
664 25
664 26
664 33
664 45
664 46
664 47
664 59
665 1
665 6
665 9
665 10
665 11
665 12
665 15
665 16
665 17
665 18
665 20
665 24
665 26
665 29
665 30
665 38
665 68
666 1
666 4
666 9
666 10
666 12
666 21
666 33
666 46
666 47
666 51
666 66
667 0
667 4
667 9
667 10
667 11
667 12
667 15
667 16
667 18
667 21
667 24
667 25
667 26
667 28
667 32
667 33
667 36
667 37
667 45
667 46
667 72
668 0
668 4
668 8
668 9
668 10
668 11
668 12
668 15
668 18
668 32
668 36
668 38
668 39
668 51
668 76
668 93
668 102
669 1
669 4
669 8
669 9
669 10
669 11
669 12
669 16
669 18
669 21
669 24
669 26
669 28
669 33
669 34
669 36
669 38
669 42
669 47
669 48
669 49
669 50
669 51
669 53
669 67
670 1
670 4
670 9
670 10
670 11
670 12
670 15
670 16
670 18
670 21
670 24
670 25
670 26
670 28
670 29
670 30
670 32
670 33
670 34
670 35
670 36
670 45
670 46
670 47
670 48
670 50
670 52
670 58
670 60
670 61
670 75
670 88
670 116
671 1
671 4
671 9
671 10
671 11
671 12
671 16
671 18
671 21
671 24
671 25
671 26
671 28
671 29
671 33
671 34
671 35
671 36
671 38
671 39
671 42
671 45
671 47
671 48
671 50
671 51
671 53
671 63
671 65
672 0
672 1
672 4
672 9
672 10
672 11
672 12
672 15
672 16
672 18
672 21
672 24
672 25
672 28
672 32
672 33
672 34
672 35
672 38
672 41
672 44
672 45
672 46
672 48
672 65
672 66
672 68
672 84
672 90
672 116
673 4
673 9
673 10
673 11
673 12
673 16
673 18
673 21
673 25
673 29
673 32
673 33
673 36
673 38
673 45
673 68
673 72
673 88
674 1
674 4
674 9
674 10
674 11
674 12
674 15
674 16
674 18
674 21
674 24
674 25
674 26
674 32
674 33
674 34
674 35
674 36
674 42
674 45
674 46
674 48
674 49
674 50
674 53
674 62
674 68
674 69
674 119
675 0
675 4
675 9
675 10
675 11
675 12
675 15
675 16
675 18
675 21
675 24
675 26
675 33
675 36
675 41
675 42
675 46
675 47
675 48
675 54
675 59
675 60
675 70
675 79
676 0
676 1
676 4
676 6
676 9
676 10
676 11
676 12
676 13
676 15
676 16
676 17
676 18
676 20
676 21
676 23
676 24
676 25
676 26
676 28
676 30
676 32
676 33
676 35
676 37
676 39
676 47
676 51
676 52
676 53
676 61
676 64
676 69
676 80
676 81
676 88
677 4
677 8
677 9
677 11
677 21
677 24
677 28
677 33
677 39
677 46
677 47
677 48
677 53
677 65
677 78
678 4
678 9
678 10
678 12
678 16
678 18
678 33
678 36
678 38
678 42
678 43
678 54
678 71
678 79
679 1
679 4
679 9
679 10
679 11
679 12
679 16
679 18
679 21
679 22
679 24
679 26
679 27
679 28
679 29
679 32
679 33
679 34
679 36
679 38
679 46
679 47
679 48
679 50
679 51
679 52
679 60
679 65
679 78
680 6
680 9
680 10
680 11
680 12
680 15
680 16
680 17
680 18
680 20
680 21
680 23
680 28
680 29
680 30
680 34
680 48
680 60
680 66
681 1
681 4
681 5
681 9
681 11
681 12
681 16
681 17
681 18
681 21
681 25
681 26
681 28
681 33
681 34
681 35
681 49
681 50
681 53
681 56
681 61
682 1
682 4
682 10
682 11
682 12
682 15
682 16
682 18
682 24
682 26
682 28
682 33
682 35
682 46
682 47
682 48
682 66
682 72
683 4
683 9
683 10
683 11
683 12
683 16
683 19
683 21
683 24
683 27
683 32
683 33
683 35
683 38
683 39
683 41
683 46
683 47
683 48
683 52
683 60
683 64
683 65
683 66
683 72
683 73
683 114
684 1
684 8
684 9
684 16
684 21
684 23
684 31
684 66
685 4
685 5
685 9
685 11
685 12
685 16
685 18
685 21
685 24
685 25
685 26
685 28
685 32
685 33
685 34
685 36
685 37
685 45
685 46
685 60
685 76
686 5
686 9
686 18
686 28
686 36
686 42
687 11
687 16
687 18
687 24
687 26
687 31
687 32
687 35
687 36
687 46
687 48
687 60
688 4
688 5
688 9
688 10
688 11
688 12
688 13
688 16
688 18
688 26
688 28
688 29
688 32
688 39
688 48
688 54
688 71
688 79
